0.000000 0.74018401213453222 -0.45890654642881895 0.7277285103932557 -2.8790035471042992e-07 1.9655985996340506e-07 -4.4158001909010222e-05 -8.3606631309464475e-05
3.030303 0.73896392531060129 -0.45811062896689425 0.72739161951920139 -8.6256486366636921e-07 5.889038617137392e-07 -4.3833092942398845e-05 -8.2879191891432205e-05
6.060606 0.73653303394390579 -0.45652193516564687 0.7267191673254616 -1.4338252231632481e-06 9.789237289515898e-07 -4.3184557276439999e-05 -8.1427183926420946e-05
9.090909 0.73290979551413793 -0.45414673487370505 0.72571380767363103 -1.9994269295461567e-06 1.3650802314441551e-06 -4.22149543851193e-05 -7.9256337826508956e-05
12.121212 0.72812163006787767 -0.45099440192149542 0.72437950825895037 -2.5571378112788361e-06 1.7458493858941584e-06 -4.0928110848078009e-05 -7.6375220929488408e-05
15.151515 0.7222046050816594 -0.4470773771270164 0.72272153495162572 -3.1047568383049562e-06 2.119728470405921e-06 -3.9329105248855098e-05 -7.2795203687492325e-05
18.181818 0.71520302232674104 -0.44241111919761333 0.72074643101484537 -3.6401228085081798e-06 2.4852419550419487e-06 -3.742424813203443e-05 -6.8530414793022557e-05
21.212121 0.70716891263660198 -0.43701404372152308 0.71846199128150845 -4.1611228769895711e-06 2.8409473250656186e-06 -3.5221057098410493e-05 -6.359768541944842e-05
24.242424 0.69816144578159867 -0.43090745048996065 0.71587723139158144 -4.6657008945011082e-06 3.185440773887774e-06 -3.2728227136449103e-05 -5.8016482796057136e-05
27.272727 0.68824626384799559 -0.42411543943657387 0.71300235221148522 -5.1518655221274461e-06 3.5173627432499764e-06 -2.9955596307145054e-05 -5.1808833379795738e-05
30.303030 0.67749474758254558 -0.41666481552601575 0.7098486995759361 -5.6176980901908459e-06 3.8354032887799071e-06 -2.6914106917687411e-05 -4.4999235926903123e-05
33.333333 0.66598322608268601 -0.40858498296699497 0.7064287195111203 -6.0613601703638094e-06 4.138307249743236e-06 -2.3615762337171671e-05 -3.7614564807517985e-05
36.363636 0.6537921409723042 -0.39990782916729772 0.70275590911591279 -6.4811008311057934e-06 4.4248792025897267e-06 -2.0073579624787592e-05 -2.9683963944812287e-05
39.393939 0.64100517679247249 -0.3906675988887568 0.69884476329499623 -6.8752635477901387e-06 4.6939881787437936e-06 -1.6301538157431262e-05 -2.1238731797244918e-05
42.424242 0.62770836974671951 -0.38090075909882204 0.69471071755409342 -7.2422927402499472e-06 4.9445721280206538e-06 -1.2314524459491899e-05 -1.2312197837843626e-05
45.454545 0.61398920716536309 -0.37064585505209957 0.69037008708307757 -7.5807399119422129e-06 5.1756421100535152e-06 -8.1282734525415374e-06 -2.9395910179981005e-06
48.484848 0.59993573009005974 -0.35994335816984174 0.68584000236737241 -7.8892693665020941e-06 5.3862861971891122e-06 -3.7593063567900081e-06 6.8420992651078894e-06
51.515152 0.58563565122788008 -0.3488355063177373 0.6811383415817519 -8.1666634791261548e-06 5.575673073449599e-06 7.751345106269735e-07 1.6994269148757471e-05
54.545455 0.57117550018671681 -0.33736613711235147 0.67628366003335272 -8.4118275019811557e-06 5.7430553153571005e-06 5.4571537831965817e-06 2.7476852656505151e-05
57.575758 0.55663980738635943 -0.32558051491408169 0.67129511693235311 -8.6237938846736916e-06 5.8877723416723901e-06 1.0268273669859461e-05 3.8248479820281154e-05
60.606061 0.54211033735062941 -0.31352515218940591 0.66619239977932421 -8.8017260927294996e-06 6.0092530204076054e-06 1.5189506878415436e-05 4.9266639948760812e-05
63.636364 0.527665381236743 -0.30124762594742699 0.66099564666765931 -8.944921909012854e-06 6.1070179228229041e-06 2.0201431549687301e-05 6.0487849397633371e-05
66.666667 0.51337911746223186 -0.28879638997515389 0.65572536680771942 -9.0528162050568878e-06 6.1806812155131013e-06 2.5284267906728317e-05 7.1867823179689095e-05
69.696970 0.49932104816323858 -0.27622058361254059 0.65040235958634995 -9.1249831713672455e-06 6.2299521831154603e-06 3.0417956316563967e-05 8.336164973742443e-05
72.727273 0.48555551797880203 -0.26356983782196075 0.645047632481203 -9.1611379978979709e-06 6.2546363756306183e-06 3.5582236456399815e-05 9.4923968188445512e-05
75.757576 0.47214132032356493 -0.25089407931747404 0.63968231815382059 -9.1611379980661815e-06 6.2546363758278448e-06 4.0756727271861211e-05 0.00010650914734414843
78.787879 0.45913139490730764 -0.23824333352689428 0.63432759104867342 -9.1249831718713063e-06 6.2299521837064148e-06 4.5921007411696768e-05 0.00011807146579516871
81.818182 0.44657261880610266 -0.2256675271642809 0.62900458382730406 -9.0528162058947711e-06 6.1806812164954139e-06 5.105469582152988e-05 0.00012956529235290265
84.848485 0.43450569190962518 -0.21321629119200775 0.62373430396736418 -8.9449219101812919e-06 6.1070179241927766e-06 5.6137532178567735e-05 0.00014094526613495618
87.878788 0.42296511608568371 -0.20093876495002877 0.61853755085569939 -8.8017260942238318e-06 6.0092530221595067e-06 6.1149456849835597e-05 0.00015216647558382619
90.909091 0.41197926593964423 -0.18888340222535285 0.61343483370267027 -8.6237938864880464e-06 5.8877723437995397e-06 6.6070690058385524e-05 0.00016318463571230254
93.939394 0.40157054762620764 -0.17709778002708298 0.60844629060167066 -8.4118275041083807e-06 5.7430553178509688e-06 7.0881809945041823e-05 0.00017395626287607479
96.969697 0.3917556408162009 -0.1656284108216971 0.60359160905327136 -8.166663481557856e-06 5.57567307630044e-06 7.5563829217603675e-05 0.00018443884638381789
100.000000 0.38254581765295415 -0.15452055896959246 0.59888994826765096 -7.8892693692286321e-06 5.3862862003856256e-06 8.0098270085013319e-05 0.00019459101626746216
103.030303 0.37394733137121627 -0.14381806208733455 0.59435986355194581 -7.5807399149528772e-06 5.1756421135831447e-06 8.4467237180754776e-05 0.00020437270655056326
106.060606 0.36596186621458965 -0.13356315804061186 0.59001923308092985 -7.2422927435328173e-06 4.9445721318693818e-06 8.8653488187694446e-05 0.0002137453133704014
109.090909 0.35858703939119829 -0.12379631825067688 0.58588518734002693 -6.8752635513322712e-06 4.6939881828964869e-06 9.2640501885622208e-05 0.00022267184732979663
112.121212 0.35181694506563432 -0.11455608797213582 0.58197404151911059 -6.4811008348932199e-06 4.4248792070299971e-06 9.6412543352967855e-05 0.0002311170794773568
115.151515 0.34564272980951988 -0.10587893417243827 0.57830123112390308 -6.0613601743815704e-06 4.1383072544535702e-06 9.9954726065338805e-05 0.00023904768034005436
118.181818 0.34005318853202177 -0.097799101613417372 0.57488125105908694 -5.6176980944231002e-06 3.835403293741694e-06 0.00010325307064584061 0.00024643235145943148
121.212121 0.33503536969130199 -0.090348477702859087 0.57172759842353793 -5.1518655265574869e-06 3.5173627484436381e-06 0.00010629456003528487 0.00025324194891231572
124.242424 0.33057517855126423 -0.083556466649472028 0.56885271924344172 -4.6657008991114594e-06 3.1854407792927785e-06 0.00010906719086457334 0.00025944959832856804
127.272727 0.32665796739519337 -0.077449873417909293 0.56626795935351448 -4.1611228817620198e-06 2.8409473306607121e-06 0.00011156002082651892 0.00026503080095194976
130.303030 0.32326910193621089 -0.072052797941818847 0.56398351962017768 -3.6401228134238859e-06 2.4852419608050062e-06 0.00011376321186012805 0.0002699635303255141
133.333333 0.32039449366821293 -0.067386540012415508 0.5620084156833971 -3.1047568433445486e-06 2.1197284763142041e-06 0.00011566806897693104 0.00027422831921997484
136.363636 0.31802108857168571 -0.063469515217936257 0.56035044237607268 -2.5571378164224098e-06 1.7458493919243264e-06 0.00011726707457613768 0.00027780833646195952
139.393939 0.31613730341537 -0.060317182265726299 0.55901614296139179 -1.9994269347734046e-06 1.3650802375724243e-06 0.00011855391811316194 0.00028068945335897084
142.424242 0.3147334018636358 -0.057941981973784307 0.55801078330956133 -1.4338252284535507e-06 9.789237351537732e-07 0.00011952352100446655 0.00028286029945887243
145.454545 0.31380180369472832 -0.056353288172536598 0.55733833111582154 -8.6256486899885052e-07 5.8890386796535661e-07 0.00012017205667040719 0.00028431230742387287
148.484848 0.3133373216389766 -0.055557370710611564 0.55700144024176701 -2.8790036006402522e-07 1.9655986623980929e-07 0.00012049696563700214 0.00028503974684189465
151.515152 0.31333732163897648 -0.055557370710611453 0.5570014402417669 2.879003600733942e-07 -1.9655986749298845e-07 0.00012049696563699198 0.00028503974684188901
154.545455 0.31380180369472804 -0.056353288172536126 0.55733833111582132 8.62564869029331e-07 -5.8890386924332095e-07 0.00012017205667038104 0.0002843123074238572
157.575758 0.31473340186363546 -0.05794198197378353 0.55801078330956111 1.4338252285262099e-06 -9.7892373648117145e-07 0.00011952352100442176 0.00028286029945884592
160.606061 0.31613730341536972 -0.060317182265725355 0.55901614296139168 1.9994269349091221e-06 -1.3650802389737503e-06 0.00011855391811310106 0.00028068945335893393
163.636364 0.31802108857168515 -0.06346951521793498 0.56035044237607234 2.5571378166418015e-06 -1.7458493934237539e-06 0.00011726707457605978 0.00027780833646191317
166.666667 0.32039449366821243 -0.067386540012414009 0.56200841568339688 3.1047568436679212e-06 -2.1197284779355162e-06 0.00011566806897683686 0.00027422831921991689
169.696970 0.32326910193621028 -0.072052797941817071 0.56398351962017734 3.6401228138711447e-06 -2.4852419625715439e-06 0.00011376321186001662 0.00026996353032544731
172.727273 0.32665796739519276 -0.077449873417907295 0.56626795935351426 4.1611228823525364e-06 -2.8409473325952003e-06 0.00011156002082639182 0.00026503080095187321
175.757576 0.33057517855126323 -0.083556466649469724 0.56885271924344116 4.6657008998640728e-06 -3.1854407814173556e-06 0.00010906719086443044 0.0002594495983284819
178.787879 0.33503536969130099 -0.090348477702856533 0.57172759842353749 5.1518655274904115e-06 -3.5173627507795585e-06 0.00010629456003512682 0.00025324194891222052
181.818182 0.34005318853202093 -0.097799101613414652 0.57488125105908661 5.6176980955538045e-06 -3.8354032963094887e-06 0.00010325307064567069 0.00024643235145932799
184.848485 0.34564272980951849 -0.10587893417243538 0.57830123112390242 6.0613601757267612e-06 -4.1383072572728185e-06 9.995472606515506e-05 0.00023904768033994252
187.878788 0.35181694506563282 -0.11455608797213265 0.58197404151910992 6.4811008364687588e-06 -4.4248792101193084e-06 9.6412543352769622e-05 0.00023111707947723673
190.909091 0.35858703939119696 -0.12379631825067358 0.58588518734002648 6.8752635531531168e-06 -4.6939881862733752e-06 9.2640501885413133e-05 0.00022267184732966948
193.939394 0.36596186621458804 -0.13356315804060837 0.5900192330809293 7.2422927456129126e-06 -4.9445721355502354e-06 8.865348818747339e-05 0.00021374531337026842
196.969697 0.37394733137121439 -0.14381806208733083 0.59435986355194514 7.5807399173051783e-06 -5.1756421175830969e-06 8.446723718052319e-05 0.00020437270655042274
200.000000 0.38254581765295204 -0.15452055896958866 0.59888994826765019 7.8892693718650459e-06 -5.3862862047186938e-06 8.0098270084772206e-05 0.00019459101626731677
203.030303 0.3917556408161989 -0.16562841082169311 0.60359160905327081 8.1666634844891067e-06 -5.5756730809792078e-06 7.5563829217354891e-05 0.00018443884638366751
206.060606 0.40157054762620537 -0.17709778002707893 0.60844629060166999 8.4118275073441211e-06 -5.7430553228866822e-06 7.0881809944785504e-05 0.00017395626287591956
209.090909 0.41197926593964185 -0.18888340222534866 0.6134348337026696 8.623793890036657e-06 -5.8877723492019989e-06 6.6070690058123066e-05 0.00016318463571214344
212.121212 0.42296511608568077 -0.2009387649500245 0.61853755085569839 8.801726098092465e-06 -6.00925302793716e-06 6.1149456849566214e-05 0.00015216647558366405
215.151515 0.43450569190962229 -0.21321629119200336 0.6237343039673634 8.9449219143758194e-06 -6.1070179303524857e-06 5.6137532178294571e-05 0.00014094526613479127
218.181818 0.44657261880609955 -0.22566752716427652 0.62900458382730318 9.0528162104198532e-06 -6.1806812230427101e-06 5.105469582125431e-05 0.00012956529235273566
221.212121 0.4591313949073047 -0.23824333352688981 0.63432759104867276 9.1249831767302227e-06 -6.229952190645069e-06 4.5921007411417579e-05 0.00011807146579500028
224.242424 0.47214132032356154 -0.25089407931746965 0.63968231815381971 9.1611380032609227e-06 -6.254636383160227e-06 4.0756727271581514e-05 0.00010650914734397925
227.272727 0.48555551797879859 -0.26356983782195637 0.64504763248120212 9.1611380034291604e-06 -6.2546363833574265e-06 3.5582236456120552e-05 9.4923968188276336e-05
230.303030 0.49932104816323519 -0.2762205836125361 0.65040235958634929 9.1249831772342835e-06 -6.2299521912359965e-06 3.0417956316285212e-05 8.3361649737256053e-05
233.333333 0.5133791174622282 -0.2887963899751495 0.65572536680771853 9.0528162112577365e-06 -6.1806812240249956e-06 2.5284267906451666e-05 7.1867823179522114e-05
236.363636 0.52766538123673923 -0.30124762594742266 0.66099564666765842 8.9449219155442573e-06 -6.1070179317223311e-06 2.0201431549414244e-05 6.0487849397468579e-05
239.393939 0.54211033735062553 -0.31352515218940163 0.66619239977932332 8.8017260995867972e-06 -6.0092530296890884e-06 1.5189506878147033e-05 4.9266639948598574e-05
242.424242 0.55663980738635588 -0.32558051491407752 0.67129511693235244 8.6237938918510118e-06 -5.8877723513290943e-06 1.0268273669596779e-05 3.8248479820122291e-05
245.454545 0.57117550018671304 -0.33736613711234742 0.67628366003335194 8.4118275094713461e-06 -5.7430553253805505e-06 5.4571537829402043e-06 2.7476852656349771e-05
248.484848 0.58563565122787653 -0.3488355063177333 0.68113834158175135 8.1666634869208214e-06 -5.5756730838300488e-06 7.7513451037852424e-07 1.6994269148606844e-05
251.515152 0.59993573009005607 -0.35994335816983791 0.68584000236737175 7.8892693745916094e-06 -5.3862862079152344e-06 -3.7593063570315531e-06 6.8420992649624945e-06
254.545455 0.61398920716535932 -0.37064585505209585 0.6903700870830769 7.580739920315829e-06 -5.1756421211127264e-06 -8.1282734527733415e-06 -2.9395910181384276e-06
257.575758 0.62770836974671596 -0.38090075909881854 0.69471071755409275 7.2422927488957963e-06 -4.9445721393989634e-06 -1.2314524459712579e-05 -1.2312197837976846e-05
260.606061 0.64100517679246916 -0.39066759888875352 0.69884476329499567 6.8752635566952501e-06 -4.6939881904260821e-06 -1.6301538157640231e-05 -2.1238731797371862e-05
263.636364 0.65379214097230065 -0.39990782916729462 0.70275590911591213 6.4811008402561853e-06 -4.4248792145595931e-06 -2.0073579624985882e-05 -2.9683963944931827e-05
266.666667 0.66598322608268268 -0.40858498296699214 0.70642871951111963 6.0613601797445358e-06 -4.1383072619831653e-06 -2.3615762337357256e-05 -3.7614564807629583e-05
269.696970 0.6774947475825428 -0.41666481552601303 0.70984869957593577 5.6176980997860656e-06 -3.835403301271262e-06 -2.6914106917858414e-05 -4.4999235927006827e-05
272.727273 0.68824626384799248 -0.42411543943657132 0.71300235221148467 5.1518655319204523e-06 -3.5173627559732198e-06 -2.9955596307302016e-05 -5.1808833379890605e-05
275.757576 0.69816144578159611 -0.43090745048995838 0.71587723139158099 4.6657009044744248e-06 -3.1854407868223601e-06 -3.2728227136590822e-05 -5.8016482796143357e-05
278.787879 0.70716891263659987 -0.43701404372152108 0.71846199128150823 4.1611228871249911e-06 -2.8409473381902938e-06 -3.5221057098536931e-05 -6.3597685419524856e-05
281.818182 0.71520302232673905 -0.44241111919761156 0.72074643101484503 3.6401228187868645e-06 -2.4852419683345879e-06 -3.7424248132146502e-05 -6.8530414793089331e-05
284.848485 0.72220460508165774 -0.4470773771270149 0.7227215349516255 3.104756848707514e-06 -2.1197284838437857e-06 -3.9329105248949708e-05 -7.27952036875501e-05
287.878788 0.72812163006787611 -0.45099440192149415 0.72437950825895003 2.557137821785368e-06 -1.745849399453908e-06 -4.0928110848155706e-05 -7.6375220929534947e-05
290.909091 0.73290979551413693 -0.45414673487370405 0.72571380767363092 1.9994269401363627e-06 -1.3650802451020197e-06 -4.2214954385179528e-05 -7.9256337826545968e-05
293.939394 0.73653303394390479 -0.4565219351656461 0.72671916732546138 1.4338252338165024e-06 -9.789237426833684e-07 -4.318455727648414e-05 -8.1427183926447455e-05
296.969697 0.73896392531060073 -0.45811062896689381 0.72739161951920117 8.6256487436180892e-07 -5.889038754949518e-07 -4.3833092942425652e-05 -8.2879191891448116e-05
300.000000 0.740184012134532 -0.45890654642881878 0.7277285103932557 2.8790036542698362e-07 -1.9655987376939099e-07 -4.4158001909018861e-05 -8.3606631309469977e-05
