0.000000 0.73958604624345592
3.030303 0.73836855556582726
6.060606 0.73594282950074119
9.090909 0.73232727191650082
12.121212 0.72754922336348216
15.151515 0.72164464702658782
18.181818 0.71465771701667979
21.212121 0.70664031488038059
24.242424 0.6976514415062598
27.272727 0.68775655279386594
30.303030 0.67702682851212936
33.333333 0.6655383846892281
36.363636 0.65337144063315433
39.393939 0.64060945226954114
42.424242 0.62733822389205329
45.454545 0.61364501064484378
48.484848 0.59961762409314745
51.515152 0.58534355308690778
54.545455 0.57090911178615034
57.575758 0.55639862620136071
60.606061 0.54189366991582888
63.636364 0.52747235881093546
66.666667 0.51320871362328713
69.696970 0.49917209804038187
72.727273 0.4854267388069391
75.757576 0.47203133298688005
78.787879 0.45903874612719769
81.818182 0.44649580362179475
84.848485 0.43444317609868144
87.878788 0.42291535817598752
90.909091 0.41194073847434859
93.939394 0.40154175735829506
96.969697 0.39173514752955191
100.000000 0.38253225133175889
103.030303 0.37393940746883858
106.060606 0.36595839880609415
109.090909 0.35858695203015856
112.121212 0.35181927920496886
115.151515 0.34564665068731854
118.181818 0.3400579884659693
121.212121 0.33504046876869814
124.242424 0.33058012274508058
127.272727 0.3266624241794065
130.303030 0.32327285351512203
133.333333 0.32039742797395104
136.363636 0.31802318822094972
139.393939 0.3161386328501315
142.424242 0.31473409293042681
145.454545 0.31380203994284384
148.484848 0.31333732163897643
151.515152 0.31333732163897648
154.545455 0.31380203994284372
157.575758 0.31473409293042676
160.606061 0.3161386328501315
163.636364 0.31802318822094966
166.666667 0.3203974279739511
169.696970 0.3232728535151223
172.727273 0.32666242417940694
175.757576 0.33058012274508142
178.787879 0.33504046876869925
181.818182 0.34005798846597085
184.848485 0.34564665068732048
187.878788 0.35181927920497119
190.909091 0.35858695203016161
193.939394 0.36595839880609821
196.969697 0.3739394074688433
200.000000 0.38253225133176438
203.030303 0.39173514752955857
206.060606 0.40154175735830266
209.090909 0.41194073847435697
212.121212 0.42291535817599718
215.151515 0.43444317609869182
218.181818 0.44649580362180635
221.212121 0.4590387461272103
224.242424 0.47203133298689359
227.272727 0.48542673880695342
230.303030 0.49917209804039714
233.333333 0.51320871362330323
236.363636 0.52747235881095211
239.393939 0.54189366991584642
242.424242 0.55639862620137837
245.454545 0.57090911178616865
248.484848 0.58534355308692632
251.515152 0.59961762409316577
254.545455 0.61364501064486199
257.575758 0.6273382238920715
260.606061 0.64060945226955879
263.636364 0.65337144063317132
266.666667 0.66553838468924453
269.696970 0.67702682851214513
272.727273 0.68775655279388082
275.757576 0.69765144150627356
278.787879 0.70664031488039281
281.818182 0.71465771701669079
284.848485 0.72164464702659714
287.878788 0.72754922336348993
290.909091 0.73232727191650715
293.939394 0.73594282950074563
296.969697 0.73836855556582992
300.000000 0.73958604624345681
