0.000000 0.74018401213453222
3.030303 0.73896392531060129
6.060606 0.73653303394390579
9.090909 0.73290979551413793
12.121212 0.72812163006787767
15.151515 0.7222046050816594
18.181818 0.71520302232674104
21.212121 0.70716891263660198
24.242424 0.69816144578159867
27.272727 0.68824626384799559
30.303030 0.67749474758254558
33.333333 0.66598322608268601
36.363636 0.6537921409723042
39.393939 0.64100517679247249
42.424242 0.62770836974671951
45.454545 0.61398920716536309
48.484848 0.59993573009005974
51.515152 0.58563565122788008
54.545455 0.57117550018671681
57.575758 0.55663980738635943
60.606061 0.54211033735062941
63.636364 0.527665381236743
66.666667 0.51337911746223186
69.696970 0.49932104816323858
72.727273 0.48555551797880203
75.757576 0.47214132032356493
78.787879 0.45913139490730764
81.818182 0.44657261880610266
84.848485 0.43450569190962518
87.878788 0.42296511608568371
90.909091 0.41197926593964423
93.939394 0.40157054762620764
96.969697 0.3917556408162009
100.000000 0.38254581765295415
103.030303 0.37394733137121627
106.060606 0.36596186621458965
109.090909 0.35858703939119829
112.121212 0.35181694506563432
115.151515 0.34564272980951988
118.181818 0.34005318853202177
121.212121 0.33503536969130199
124.242424 0.33057517855126423
127.272727 0.32665796739519337
130.303030 0.32326910193621089
133.333333 0.32039449366821293
136.363636 0.31802108857168571
139.393939 0.31613730341537
142.424242 0.3147334018636358
145.454545 0.31380180369472832
148.484848 0.3133373216389766
151.515152 0.31333732163897648
154.545455 0.31380180369472804
157.575758 0.31473340186363546
160.606061 0.31613730341536972
163.636364 0.31802108857168515
166.666667 0.32039449366821243
169.696970 0.32326910193621028
172.727273 0.32665796739519276
175.757576 0.33057517855126323
178.787879 0.33503536969130099
181.818182 0.34005318853202093
184.848485 0.34564272980951849
187.878788 0.35181694506563282
190.909091 0.35858703939119696
193.939394 0.36596186621458804
196.969697 0.37394733137121439
200.000000 0.38254581765295204
203.030303 0.3917556408161989
206.060606 0.40157054762620537
209.090909 0.41197926593964185
212.121212 0.42296511608568077
215.151515 0.43450569190962229
218.181818 0.44657261880609955
221.212121 0.4591313949073047
224.242424 0.47214132032356154
227.272727 0.48555551797879859
230.303030 0.49932104816323519
233.333333 0.5133791174622282
236.363636 0.52766538123673923
239.393939 0.54211033735062553
242.424242 0.55663980738635588
245.454545 0.57117550018671304
248.484848 0.58563565122787653
251.515152 0.59993573009005607
254.545455 0.61398920716535932
257.575758 0.62770836974671596
260.606061 0.64100517679246916
263.636364 0.65379214097230065
266.666667 0.66598322608268268
269.696970 0.6774947475825428
272.727273 0.68824626384799248
275.757576 0.69816144578159611
278.787879 0.70716891263659987
281.818182 0.71520302232673905
284.848485 0.72220460508165774
287.878788 0.72812163006787611
290.909091 0.73290979551413693
293.939394 0.73653303394390479
296.969697 0.73896392531060073
300.000000 0.740184012134532
