0.000000 0.73958604624345592 -0.4585837751846002 0.7275210454781349 -2.8790036996066876e-07 1.9655986006264968e-07 -0.0001204969656362767 -0.00028503974684172389
3.030303 0.73836855556582726 -0.45778849463799454 0.72718456398869979 -8.6256487939552456e-07 5.8890386367600241e-07 -0.00036101535043615824 -0.00085399431886519256
6.060606 0.73594282950074119 -0.45620107215377276 0.72651292894854436 -1.4338252393393257e-06 9.7892373276934856e-07 -0.00060010897258009363 -0.0014195785654649927
9.090909 0.73232727191650082 -0.45382777256325574 0.7255087909943313 -1.9994269461354058e-06 1.3650802371025023e-06 -0.00083683423877296359 -0.0019795603840106592
12.121212 0.72754922336348216 -0.4506779621956698 0.72417611299981899 -2.5571378282458848e-06 1.7458493933709894e-06 -0.0010702569025385943 -0.0025317297820957492
15.151515 0.72164464702658782 -0.4467640719135243 0.72252015443620898 -3.104756855612934e-06 2.1197284796718969e-06 -0.0012994557512637712 -0.0030739075993682216
18.181818 0.71465771701667979 -0.44210154805367663 0.72054745061541636 -3.6401228261188744e-06 2.4852419660607051e-06 -0.0015235262418035716 -0.0036039541076807878
21.212121 0.70664031488038059 -0.43670879146769681 0.71826578689817921 -4.1611228948635654e-06 2.8409473377938612e-06 -0.0017415840702999033 -0.0041197774556203529
24.242424 0.6976514415062598 -0.4306070849021138 0.71568416796879641 -4.6657009125979612e-06 3.1854407882754629e-06 -0.0019527686621248388 -0.0046193419240898722
27.272727 0.68775655279386594 -0.42382050900513729 0.71281278229775269 -5.1518655404058335e-06 3.5173627592405464e-06 -0.0021562465681755063 -0.0051006759603615904
30.303030 0.67702682851212936 -0.41637584729134103 0.70966296193248046 -5.6176981086087142e-06 3.8354033063104364e-06 -0.0023512147541169368 -0.0055618799588949474
33.333333 0.6655383846892281 -0.40830248043936707 0.7062471377749453 -6.0613601888785672e-06 4.1383072687447549e-06 -0.0025369037695917099 -0.0060011337582117977
36.363636 0.65337144063315433 -0.39963227033980947 0.70257879052255556 -6.4811008496744869e-06 4.4248792229874278e-06 -0.0027125807848889906 -0.0064167038242422102
39.393939 0.64060945226954114 -0.39039943435088914 0.69867239746600773 -6.8752635663695819e-06 4.6939882004573316e-06 -0.0028775524830885937 -0.0068069500917914633
42.424242 0.62733822389205329 -0.3806404102581728 0.69454337535403465 -7.2422927587968745e-06 4.9445721509645927e-06 -0.0030311677962661255 -0.0071703324371281052
45.454545 0.61364501064484378 -0.37039371247128033 0.69020801955054212 -7.5807399304135366e-06 5.1756421341374724e-06 -0.0031728204749606331 -0.0075054167561486905
48.484848 0.59961762409314745 -0.35969978002510572 0.68568343972425028 -7.8892693848550094e-06 5.3862862223182258e-06 -0.0033019514807642644 -0.007810880624131513
51.515152 0.58534355308690778 -0.348600816985421 0.68098749232464972 -8.1666634973183049e-06 5.5756730995249281e-06 -0.0034180511925914559 -0.0080855185147428073
54.545455 0.57090911178615034 -0.33714062588870991 0.67613871011075255 -8.4118275199708531e-06 5.743055342275883e-06 -0.0035206614179205415 -0.0083282465576984509
57.575758 0.55639862620136071 -0.32536443487356786 0.67115622901075922 -8.623793902420028e-06 5.8877723693286249e-06 -0.0036093772010702962 -0.0085381068163047878
60.606061 0.54189366991582888 -0.31331871918590165 0.66605971260129171 -8.8017261101925306e-06 6.0092530486922929e-06 -0.0036838484213750169 -0.0087142710679971366
63.636364 0.52747235881093546 -0.30105101776236665 0.66086927450424215 -8.9449219261537803e-06 6.1070179516246865e-06 -0.0037437811749508232 -0.0088560440729558588
66.666667 0.51320871362328713 -0.28860974561590164 0.65560539900749337 -9.0528162218381182e-06 6.1806812447184662e-06 -0.0037889389346000236 -0.0089628663179003015
69.696970 0.49917209804038187 -0.27604400276379237 0.65028886022279542 -9.124983187752698e-06 6.2299522126093465e-06 -0.0038191434832759007 -0.0090343162242321126
72.727273 0.4854267388069391 -0.26340338045233413 0.64494064009983576 -9.161138013853002e-06 6.2546364052968292e-06 -0.0038342756174239764 -0.0090701118118133618
75.757576 0.47203133298688005 -0.25073776544283927 0.63958184562007048 -9.1611380135579821e-06 6.2546364055495067e-06 -0.0038342756174239807 -0.0090701118118133098
78.787879 0.45903874612719769 -0.23809714313138114 0.63423362549711082 -9.1249831868688056e-06 6.2299522133663882e-06 -0.0038191434832759159 -0.00903431622423196
81.818182 0.44649580362179475 -0.22553140027927215 0.62891708671241275 -9.0528162203688396e-06 6.1806812459768784e-06 -0.0037889389346000483 -0.0089628663179000447
84.848485 0.43444317609868144 -0.2130901281328077 0.62365321121566408 -8.9449219241049161e-06 6.1070179533795084e-06 -0.0037437811749508588 -0.0088560440729555014
87.878788 0.42291535817598752 -0.20082242670927322 0.6184627731186142 -8.8017261075721664e-06 6.0092530509365973e-06 -0.0036838484213750598 -0.0087142710679966821
90.909091 0.41194073847434859 -0.18877671102160778 0.61336625670914691 -8.6237938992385045e-06 5.887772372053551e-06 -0.0036093772010703487 -0.0085381068163042344
93.939394 0.40154175735829506 -0.1770005200064666 0.60838377560915324 -8.4118275162407284e-06 5.7430553454706812e-06 -0.0035206614179206022 -0.0083282465576978021
96.969697 0.39173514752955191 -0.16554032890975651 0.60353499339525596 -8.1666634930542987e-06 5.5756731031769886e-06 -0.0034180511925915261 -0.0080855185147420683
100.000000 0.38253225133175889 -0.15444136587007296 0.59883904599565541 -7.8892693800739488e-06 5.3862862264131338e-06 -0.0033019514807643433 -0.0078108806241306812
103.030303 0.37393940746883858 -0.14374743342389965 0.59431446616936345 -7.5807399251342903e-06 5.1756421386590715e-06 -0.0031728204749607203 -0.007505416756147772
106.060606 0.36595839880609415 -0.13350073563700854 0.58997911036587058 -7.2422927530402751e-06 4.9445721558950326e-06 -0.00303116779626622 -0.0071703324371271016
109.090909 0.35858695203015856 -0.12374171154429377 0.58585008825389751 -6.8752635601583537e-06 4.6939882057771584e-06 -0.0028775524830886969 -0.0068069500917903834
112.121212 0.35181927920496886 -0.1145088755553751 0.58194369519734956 -6.4811008430331371e-06 4.4248792286756428e-06 -0.0027125807848891008 -0.0064167038242410532
115.151515 0.34564665068731854 -0.10583866545581931 0.57827534794495938 -6.0613601818333097e-06 4.1383072747789126e-06 -0.0025369037695918278 -0.006001133758210573
118.181818 0.3400579884659693 -0.097765298603847112 0.574859523787424 -5.6176981011873529e-06 3.8354033126667258e-06 -0.0023512147541170586 -0.0055618799588936559
121.212121 0.33504046876869814 -0.090320636890052833 0.57170970342215155 -5.1518655326376562e-06 3.5173627658938763e-06 -0.0021562465681756343 -0.0051006759603602391
124.242424 0.33058012274508058 -0.083534060993078321 0.5688383177511076 -4.665700904513628e-06 3.1854407951995778e-06 -0.001952768662124973 -0.0046193419240884671
127.272727 0.3266624241794065 -0.077432354427497435 0.56625669882172458 -4.1611228864949782e-06 2.8409473449614324e-06 -0.0017415840703000418 -0.0041197774556189001
130.303030 0.32327285351512203 -0.072039597841519865 0.5639750351044871 -3.6401228174990635e-06 2.4852419734434481e-06 -0.0015235262418037145 -0.0036039541076792895
133.333333 0.32039742797395104 -0.067377073981674335 0.56200233128369437 -3.1047568467759142e-06 2.1197284872406758e-06 -0.0012994557512639175 -0.0030739075993666846
136.363636 0.31802318822094972 -0.063463183699531162 0.56034637272008403 -2.5571378192265323e-06 1.7458494010959314e-06 -0.0010702569025387435 -0.0025317297820941797
139.393939 0.3161386328501315 -0.060313373331947522 0.55901369472557139 -1.9994269369693193e-06 1.3650802449531219e-06 -0.00083683423877311592 -0.0019795603840090667
142.424242 0.31473409293042681 -0.057940073741432903 0.55800955677135811 -1.4338252300626753e-06 9.7892374071466139e-07 -0.00060010897258024726 -0.0014195785654633804
145.454545 0.31380203994284384 -0.056352651257213511 0.55733792173120245 -8.6256487004492308e-07 5.8890387168465562e-07 -0.0003610153504363142 -0.00085399431886356778
148.484848 0.31333732163897643 -0.055557370710610232 0.55700144024176701 -2.8790036057301764e-07 1.9655986810303611e-07 -0.00012049696563643094 -0.00028503974684009059
151.515152 0.31333732163897648 -0.055557370710611453 0.5570014402417669 2.879003600733942e-07 -1.9655986749298845e-07 0.00012049696563699198 0.00028503974684188901
154.545455 0.31380203994284372 -0.056352651257217112 0.557337921731202 8.6256486950824999e-07 -5.8890387110634123e-07 0.00036101535043687349 0.00085399431886535779
157.575758 0.31473409293042676 -0.057940073741438891 0.55800955677135744 1.4338252294520512e-06 -9.7892374019968716e-07 0.00060010897258080899 0.0014195785654651579
160.606061 0.3161386328501315 -0.060313373331955911 0.5590136947255705 1.9994269362481317e-06 -1.3650802445328409e-06 0.00083683423877367895 0.001979560384010824
163.636364 0.31802318822094966 -0.063463183699541847 0.56034637272008281 2.5571378183586107e-06 -1.745849400801328e-06 0.0010702569025393095 0.002531729782095914
166.666667 0.3203974279739511 -0.067377073981687324 0.56200233128369281 3.1047568457256599e-06 -2.1197284871022359e-06 0.0012994557512644863 0.0030739075993683864
169.696970 0.3232728535151223 -0.072039597841535047 0.56397503510448543 3.6401228162316003e-06 -2.4852419734910441e-06 0.0015235262418042868 0.0036039541076809526
172.727273 0.32666242417940694 -0.07743235442751481 0.56625669882172258 4.1611228849762905e-06 -2.8409473452242002e-06 0.0017415840703006184 0.0041197774556205177
175.757576 0.33058012274508142 -0.083534060993097847 0.56883831775110538 4.6657009027106862e-06 -3.1854407957058019e-06 0.0019527686621255539 0.004619341924090037
178.787879 0.33504046876869925 -0.090320636890074357 0.57170970342214911 5.1518655305185585e-06 -3.5173627666708855e-06 0.0021562465681762219 0.0051006759603617552
181.818182 0.34005798846597085 -0.097765298603870607 0.57485952378742133 5.6176980987214392e-06 -3.8354033137407754e-06 0.0023512147541176523 0.0055618799588951122
184.848485 0.34564665068732048 -0.10583866545584462 0.5782753479449565 6.0613601789912923e-06 -4.1383072761750931e-06 0.002536903769592425 0.0060011337582119633
187.878788 0.35181927920497119 -0.11450887555540218 0.58194369519734623 6.4811008397872128e-06 -4.4248792304177668e-06 0.0027125807848897062 0.006416703824242375
190.909091 0.35858695203016161 -0.12374171154432248 0.58585008825389406 6.8752635564823078e-06 -4.6939882078876706e-06 0.0028775524830893088 0.0068069500917916281
193.939394 0.36595839880609821 -0.13350073563703885 0.58997911036586714 7.2422927489095995e-06 -4.9445721583949317e-06 0.0030311677962668406 0.00717033243712827
196.969697 0.3739394074688433 -0.14374743342393131 0.59431446616935968 7.5807399205262625e-06 -5.1756421415678114e-06 0.0031728204749613478 0.0075054167561488562
200.000000 0.38253225133176438 -0.1544413658701059 0.59883904599565152 7.8892693749677344e-06 -5.3862862297485649e-06 0.0033019514807649799 0.0078108806241316787
203.030303 0.39173514752955857 -0.16554032890979067 0.60353499339525207 8.1666634874310317e-06 -5.5756731069552671e-06 0.0034180511925921706 0.0080855185147429721
206.060606 0.40154175735830266 -0.17700052000650177 0.60838377560914925 8.4118275100835798e-06 -5.743055349706222e-06 0.0035206614179212566 0.0083282465576986157
209.090909 0.41194073847435697 -0.18877671102164381 0.61336625670914258 8.623793892532753e-06 -5.8877723767589631e-06 0.0036093772010710118 0.0085381068163049544
212.121212 0.42291535817599718 -0.20082242670930997 0.61846277311861009 8.8017261003052556e-06 -6.0092530561226319e-06 0.0036838484213757325 0.0087142710679973031
215.151515 0.43444317609869182 -0.21309012813284506 0.62365321121565964 8.9449219162665054e-06 -6.1070179590550256e-06 0.0037437811749515383 0.0088560440729560236
218.181818 0.44649580362180635 -0.22553140027931001 0.62891708671240842 9.0528162119508432e-06 -6.1806812521488052e-06 0.0037889389346007392 0.0089628663179004663
221.212121 0.4590387461272103 -0.23809714313141928 0.63423362549710638 9.124983177865423e-06 -6.2299522200396856e-06 0.0038191434832766163 0.0090343162242322791
224.242424 0.47203133298689359 -0.25073776544287757 0.63958184562006604 9.161138003965727e-06 -6.2546364127271674e-06 0.0038342756174246915 0.0090701118118135266
227.272727 0.48542673880695342 -0.26340338045237238 0.64494064009983132 9.1611380036707088e-06 -6.2546364129798449e-06 0.0038342756174246963 0.0090701118118134746
230.303030 0.49917209804039714 -0.27604400276383051 0.65028886022279098 9.1249831769815306e-06 -6.2299522207967264e-06 0.0038191434832766311 0.0090343162242321265
233.333333 0.51320871362330323 -0.28860974561593949 0.65560539900748904 9.0528162104815646e-06 -6.1806812534072175e-06 0.0037889389346007635 0.0089628663179002095
236.363636 0.52747235881095211 -0.30105101776240395 0.66086927450423771 8.9449219142176428e-06 -6.1070179608098474e-06 0.0037437811749515739 0.0088560440729556662
239.393939 0.54189366991584642 -0.31331871918593845 0.6660597126012876 8.8017260976848931e-06 -6.0092530583669363e-06 0.0036838484213757754 0.0087142710679968469
242.424242 0.55639862620137837 -0.32536443487360384 0.67115622901075489 8.6237938893512295e-06 -5.8877723794838901e-06 0.0036093772010710643 0.008538106816304401
245.454545 0.57090911178616865 -0.33714062588874505 0.67613871011074855 8.4118275063534534e-06 -5.7430553529010202e-06 0.0035206614179213174 0.0083282465576979669
248.484848 0.58534355308692632 -0.34860081698545514 0.68098749232464584 8.1666634831670238e-06 -5.5756731106073276e-06 0.0034180511925922417 0.0080855185147422331
251.515152 0.59961762409316577 -0.35969978002513869 0.68568343972424639 7.8892693701866738e-06 -5.3862862338434728e-06 0.0033019514807650589 0.007810880624130846
254.545455 0.61364501064486199 -0.37039371247131203 0.69020801955053834 7.5807399152470161e-06 -5.1756421460894097e-06 0.0031728204749614354 0.0075054167561479377
257.575758 0.6273382238920715 -0.38064041025820311 0.69454337535403121 7.242292743153001e-06 -4.9445721633253707e-06 0.0030311677962669356 0.0071703324371272673
260.606061 0.64060945226955879 -0.3903994343509179 0.69867239746600429 6.8752635502710787e-06 -4.6939882132074966e-06 0.002877552483089412 0.0068069500917905491
263.636364 0.65337144063317132 -0.39963227033983656 0.70257879052255223 6.4811008331458621e-06 -4.4248792361059819e-06 0.0027125807848898159 0.0064167038242412188
266.666667 0.66553838468924453 -0.40830248043939232 0.70624713777494241 6.0613601719460356e-06 -4.1383072822092516e-06 0.002536903769592543 0.0060011337582107378
269.696970 0.67702682851214513 -0.41637584729136456 0.7096629619324778 5.6176980913000779e-06 -3.8354033200970648e-06 0.0023512147541177742 0.0055618799588938216
272.727273 0.68775655279388082 -0.42382050900515877 0.71281278229775025 5.1518655227503812e-06 -3.5173627733242149e-06 0.0021562465681763498 0.0051006759603604039
275.757576 0.69765144150627356 -0.43060708490213334 0.71568416796879419 4.665700894626353e-06 -3.1854408026299164e-06 0.0019527686621256882 0.0046193419240886328
278.787879 0.70664031488039281 -0.43670879146771419 0.71826578689817722 4.161122876607704e-06 -2.8409473523917714e-06 0.0017415840703007572 0.0041197774556190649
281.818182 0.71465771701669079 -0.44210154805369178 0.7205474506154147 3.640122807611789e-06 -2.4852419808737867e-06 0.0015235262418044299 0.0036039541076794543
284.848485 0.72164464702659714 -0.44676407191353734 0.72252015443620743 3.1047568368886397e-06 -2.1197284946710149e-06 0.0012994557512646327 0.0030739075993668494
287.878788 0.72754922336348993 -0.45067796219568051 0.72417611299981777 2.5571378093392577e-06 -1.7458494085262704e-06 0.0010702569025394586 0.0025317297820943449
290.909091 0.73232727191650715 -0.45382777256326412 0.72550879099433041 1.9994269270820447e-06 -1.3650802523834609e-06 0.00083683423877383128 0.001979560384009232
293.939394 0.73594282950074563 -0.45620107215377881 0.72651292894854369 1.4338252201754003e-06 -9.7892374814500042e-07 0.0006001089725809624 0.0014195785654635461
296.969697 0.73836855556582992 -0.45778849463799814 0.72718456398869935 8.6256486015764852e-07 -5.8890387911499465e-07 0.00036101535043702934 0.00085399431886373257
300.000000 0.73958604624345681 -0.45858377518460142 0.72752104547813479 2.8790035068574266e-07 -1.9655987553337472e-07 0.0001204969656371463 0.00028503974684025626
