0.000000 0.60100260965063201
3.503504 0.60083643941037868
7.007007 0.6005193219194257
10.510511 0.60008026047395069
14.014014 0.59955930737621776
17.517518 0.59900382972711386
21.021021 0.59846414990493113
24.524525 0.59798898170212578
28.028028 0.597621078774077
31.531532 0.59739346862721587
35.035035 0.59732657548577783
38.538539 0.59742645145847084
42.042042 0.59768424637200401
45.545546 0.59807695652499659
49.049049 0.59856940175683826
52.552553 0.59911728795032548
56.056056 0.59967111998580092
59.559560 0.60018064437131025
63.063063 0.60059943219807777
66.566567 0.60088917528617602
70.070070 0.60102327375867637
73.573574 0.60098934864925779
77.077077 0.60079041657105381
80.580581 0.60044460332096472
84.084084 0.59998343011038713
87.587588 0.59944885683223081
91.091091 0.59888938999248387
94.594595 0.5983556436446491
98.098098 0.59789577400168836
101.601602 0.5975511956564149
105.105105 0.59735293943800372
108.608609 0.59731894136500807
112.112112 0.59745246992318146
115.615616 0.59774181183587494
119.119119 0.59816124686162608
122.622623 0.5986732494228737
126.126126 0.59923175887314528
129.629630 0.59978626422012193
133.133133 0.60028636150222447
136.636637 0.60068637558889981
140.140140 0.60094960731528135
143.643644 0.60105178320897412
147.147147 0.60098335330514863
150.650651 0.60075039778011341
154.154154 0.60037405087839368
157.657658 0.5998885095647204
161.161161 0.59933784116691813
164.664665 0.59877191895253346
168.168168 0.59824188460501715
171.671672 0.59779555887400027
175.175175 0.59747320174466012
178.678679 0.59730397212259401
182.182182 0.59730336619475088
185.685686 0.59747183263117665
189.189189 0.59779467644236794
192.692693 0.59824327233251318
196.196196 0.59877751190049611
199.699700 0.5993493078736164
203.203203 0.59990687803264897
206.706707 0.60039944230942577
210.210210 0.60078190327738079
213.713714 0.60101905770872599
217.217217 0.60108891549069376
220.720721 0.60098478413576817
224.224224 0.60071590436553834
227.727728 0.60030657754790073
231.231231 0.59979388627800456
234.734735 0.59922425190454354
238.238238 0.5986491789671482
241.741742 0.59812059646829874
245.245245 0.59768621926989685
248.748749 0.59738532699182056
252.252252 0.59724530386962082
255.755756 0.59727921208314105
259.259259 0.59748459057037062
262.762763 0.5978435841633416
266.266266 0.59832441358576038
269.769770 0.59888409468929626
273.273273 0.59947220761278608
276.776777 0.60003541101783187
280.280280 0.60052230629320547
283.783784 0.60088819771673851
287.287287 0.60109928181574968
290.790791 0.60113584137497333
294.294294 0.60099411598617081
297.797798 0.6006866604490898
301.301301 0.60024116484807688
304.804805 0.59969787168255673
308.308308 0.59910586332211502
311.811812 0.59851859091499893
315.315315 0.59798906654706008
318.818819 0.59756514602833288
322.322322 0.5972852989352363
325.825826 0.59717520673017521
329.329329 0.59724545859639366
332.832833 0.59749053356380544
336.336336 0.59788916767108258
339.839840 0.59840610512220183
343.343343 0.5989951225900747
346.846847 0.59960310032241204
350.350350 0.60017480286572455
353.853854 0.60065794154437169
357.357357 0.60100803763747601
360.860861 0.60119260383211381
364.364364 0.60119421867647771
367.867868 0.60101218049643035
371.371371 0.60066257898698239
374.874875 0.60017679213412689
378.378378 0.59959857833971475
381.881882 0.5989800667963604
385.385385 0.59837703913424267
388.888889 0.59784393768870681
392.392392 0.5974290347525234
395.895896 0.59717016265736278
399.399399 0.59709134729421687
402.902903 0.59720061579497696
406.406406 0.59748916603396152
409.909910 0.5979319909683064
413.413413 0.59848994316900106
416.916917 0.59911310539644358
420.420420 0.59974520854638258
423.923924 0.60032872198584764
427.427427 0.60081015104605984
430.930931 0.60114503046393042
434.434434 0.60130211426986402
437.937938 0.60126633610244418
441.441441 0.60104024178843873
444.944945 0.60064376032723577
448.448448 0.60011235563004617
451.951952 0.5994937640674548
455.455455 0.59884365149537577
458.958959 0.59822060620645612
462.462462 0.59768091938159573
465.965966 0.59727359834583438
469.469469 0.59703602059591354
472.972973 0.59699057807964406
476.476476 0.59714258775130535
479.979980 0.59747965748681797
483.483483 0.59797259444490947
486.986987 0.59857782474892551
490.490490 0.59924116200136313
493.993994 0.59990262737937738
497.497497 0.60050190224907296
501.001001 0.60098390541764579
504.504505 0.60130395004816428
508.008008 0.60143196184231729
511.511512 0.60135533140304676
515.015015 0.60108011857773236
518.518519 0.60063050379169292
522.022022 0.60004656441370852
525.525526 0.59938061750428662
529.029029 0.59869249485964071
532.532533 0.59804419285068433
536.036036 0.59749436884566698
539.539540 0.59709314577648875
543.043043 0.59687764704735424
546.546547 0.59686862406847319
550.050050 0.59706846232224986
553.553554 0.59746075864683468
557.057057 0.59801155004210949
560.560561 0.59867214253460821
564.064064 0.59938334305416219
567.567568 0.60008075104234748
571.071071 0.6007006392465486
574.574575 0.60118586691847897
578.078078 0.60149124223649997
581.581582 0.6015877941692489
585.085085 0.60146552475320025
588.588589 0.60113437576253026
592.092092 0.60062333447117511
595.595596 0.59997779345802171
599.099099 0.59925544386932028
602.602603 0.59852110302189354
606.106106 0.59784094903600715
609.609610 0.59727666025242809
613.113113 0.59687994435950387
616.616617 0.59668790134086214
620.120120 0.59671960238159116
623.623624 0.59697418561908744
627.127127 0.5974306670598889
630.630631 0.59804953860060794
634.134134 0.59877607629734519
637.637638 0.59954511959139623
641.141141 0.60028692316190824
644.644645 0.60093355043185526
648.148148 0.60142519536082484
651.651652 0.60171580541412917
655.155155 0.60177744092997998
658.658659 0.60160293815311183
662.162162 0.60120662571205163
665.665666 0.60062304957028356
669.169169 0.5999038598865003
672.672673 0.59911318000492908
676.176176 0.5983218977584035
679.679680 0.59760138821766473
683.183183 0.59701719977791523
686.686687 0.59662322140844637
690.190190 0.59645680687902092
693.693694 0.59653526652660716
697.197197 0.59685404826489363
700.700701 0.59738681373750857
704.204204 0.5980874707387972
707.707708 0.59889405312579014
711.211211 0.59973415710940958
714.714715 0.6005314694147611
718.218218 0.60121278479088935
721.721722 0.6017148331049208
725.225225 0.60199023725972067
728.728729 0.6020120067769773
732.232232 0.60177612740680608
735.735736 0.60130201101804115
739.239239 0.60063079150071708
742.742743 0.59982166073688459
746.246246 0.59894660988696313
749.749750 0.59808406215147014
753.253253 0.59731195187893449
756.756757 0.59670082762448151
760.260260 0.59630754279056675
763.763764 0.59617005407911272
767.267267 0.59630377743683238
770.770771 0.59669985094909772
774.274274 0.5973255201122788
777.777778 0.59812669233211857
781.281281 0.5990325115589511
784.784785 0.59996159805849947
788.288288 0.60082940858396905
791.791792 0.60155602862105839
795.295295 0.60207363751178422
798.798799 0.60233290519409044
802.302302 0.60230768678146018
805.805806 0.60199756289993167
809.309309 0.60142800166424404
812.812813 0.60064815865989885
816.316316 0.59972655261660612
819.819820 0.59874503352385666
823.323323 0.59779158553437195
826.826827 0.59695257904140342
830.330330 0.59630511177907841
833.833834 0.59591006613852249
837.337337 0.59580646424299277
840.840841 0.59600762334643087
844.344344 0.59649949738280073
847.847848 0.59724143178415923
851.351351 0.59816935949409111
854.854855 0.59920123799329894
858.358358 0.60024429300857374
861.861862 0.60120342577876196
865.365365 0.60198999080848858
868.868869 0.60253008746583026
872.372372 0.60277154577650438
875.875876 0.60268892108550565
879.379379 0.60228602362726236
882.882883 0.60159576508806245
886.386386 0.60067736831937946
889.889890 0.59961122587052407
893.393393 0.59849188560717637
896.896897 0.59741977763281684
900.400400 0.59649237705943636
903.903904 0.59579552874080233
907.407407 0.59539564973376236
910.910911 0.59533347548165538
914.414414 0.59561992355897286
917.917918 0.59623450847518145
921.421421 0.59712654914500496
924.924925 0.59821917208481634
928.428428 0.59941584521646218
931.931932 0.60060890856480154
935.435435 0.6016893361722605
938.938939 0.60255680533462896
942.442442 0.60312909303192264
945.945946 0.60334987725486944
949.449449 0.60319418536082736
952.952953 0.60267097738254172
956.456456 0.6018226425550216
959.959960 0.60072148264245684
963.463463 0.59946352214575993
966.966967 0.59816020090453426
970.470470 0.59692865972280518
973.973974 0.5958814253722764
977.477477 0.5951163432262595
980.980981 0.59470759824225461
984.484484 0.59469860760400639
987.987988 0.59509745582662876
991.491491 0.59587536927116114
994.994995 0.59696849057087908
998.498498 0.59828292406522898
1002.002002 0.59970270457533326
1005.505506 0.60110003003327306
1009.009009 0.60234683669058819
1012.512513 0.60332662473843712
1016.016016 0.6039453912421493
1019.519520 0.60414060646034329
1023.023023 0.6038873675713845
1026.526527 0.60320115070246039
1030.030030 0.60213691687354132
1033.533534 0.60078466719395218
1037.037037 0.59926185142214117
1040.540541 0.59770328805308581
1044.044044 0.59624944262648805
1047.547548 0.59503403272264421
1051.051051 0.59417198579351493
1054.554555 0.59374877070854648
1058.058058 0.59381205251487434
1061.561562 0.59436647601279158
1065.065065 0.59537216226970979
1068.568569 0.59674720575522777
1072.072072 0.59837410413744929
1075.575576 0.60010966898845741
1079.079079 0.60179759745546957
1082.582583 0.60328258167000393
1086.086086 0.60442463924135637
1089.589590 0.60511229533831112
1093.093093 0.60527334418149348
1096.596597 0.60488215173358117
1100.100100 0.60396279890422355
1103.603604 0.6025877608262149
1107.107107 0.60087222569061949
1110.610611 0.59896453562926999
1114.114114 0.59703355318282569
1117.617618 0.59525400341115042
1121.121121 0.59379100658515949
1124.624625 0.59278509709265947
1128.128128 0.59233901821717028
1131.631632 0.59250748542766241
1135.135135 0.59329091794083855
1138.638639 0.59463384878326508
1142.142142 0.59642834622612184
1145.645646 0.59852233723151615
1149.149149 0.60073225463846625
1152.652653 0.60285898443233366
1156.156156 0.60470572244108578
1159.659660 0.60609611095931148
1163.163163 0.60689095020949546
1166.666667 0.60700188071544792
1170.170170 0.60640070006343072
1173.673674 0.60512337911407843
1177.177177 0.60326833145643544
1180.680681 0.60098901233791113
1184.184184 0.59848142805633564
1187.687688 0.59596758072376699
1191.191191 0.59367622458793523
1194.694695 0.59182254818050528
1198.198198 0.59058851005763691
1201.701702 0.5901055398742604
1205.205205 0.5904411706652023
1208.708709 0.59159089660167696
1212.212212 0.59347616320914987
1215.715716 0.59594891256368754
1219.219219 0.59880255350848899
1222.722723 0.60178864711170454
1226.226226 0.60463804100671725
1229.729730 0.60708470923254787
1233.233233 0.60889021232109275
1236.736737 0.60986653278894554
1240.240240 0.60989509482489268
1243.743744 0.60894005231186887
1247.247247 0.60705440893521379
1250.750751 0.60437817483273604
1254.254254 0.60112850143992003
1257.757758 0.59758249191731894
1261.261261 0.59405407819503386
1264.764765 0.59086691546086467
1268.268268 0.58832561801594141
1271.771772 0.58668781936638703
1275.275275 0.58613948341240885
1278.778779 0.58677564428909479
1282.282282 0.58858834543259675
1285.785786 0.59146302325453715
1289.289289 0.59518397225856201
1292.792793 0.59944886305299128
1296.296296 0.60389158330383153
1299.799800 0.60811195750157521
1303.303303 0.61171021083493238
1306.806807 0.61432343309368531
1310.310310 0.61566085001413773
1313.813814 0.61553451369061452
1317.317317 0.61388216449715127
1320.820821 0.610779544186838
1324.324324 0.60644034478247355
1327.827828 0.60120317972189752
1331.331331 0.59550631367759654
1334.834835 0.58985219313578452
1338.338338 0.58476488569942298
1341.841842 0.58074420993456943
1345.345345 0.57822054876814422
1348.848849 0.57751411605650427
1352.352352 0.57880190296065936
1355.855856 0.58209483043975019
1359.359359 0.58722692963794643
1362.862863 0.59385775234806149
1366.366366 0.60148867111153015
1369.869870 0.60949316123372432
1373.373373 0.61716041353736761
1376.876877 0.62375057892648389
1380.380380 0.62855856848524783
1383.883884 0.63098175931711531
1387.387387 0.6305854850890128
1390.890891 0.6271592287581178
1394.394394 0.62075638899055174
1397.897898 0.61171162836590087
1401.401401 0.60063213841723573
1404.904905 0.58836236319916879
1408.408408 0.57592521350383619
1411.911912 0.56444582800684684
1415.415415 0.55506579333348438
1418.918919 0.54885598604213337
1422.422422 0.54673484085830049
1425.925926 0.54939635806861598
1429.429429 0.5572493997482626
1432.932933 0.57036779793607106
1436.436436 0.58845034518648653
1439.939940 0.61079121507395229
1443.443443 0.63626444246221492
1446.946947 0.66332976720905024
1450.450450 0.69006992339208639
1453.953954 0.71426978270593044
1457.457457 0.73354450515562031
1460.960961 0.74551675570469544
1464.464464 0.74803298393462903
1467.967968 0.73939769426666979
1471.471471 0.71859523646594015
1474.974975 0.68546369021751352
1478.478478 0.64078701931488524
1481.981982 0.58628062820558591
1485.485485 0.52446085851375324
1488.988989 0.45840822674869874
1492.492492 0.39145352640743081
1495.995996 0.32683111496248785
1499.499499 0.26735120829289244
1503.003003 0.2151407657190062
1506.506507 0.17149062971764095
1510.010010 0.13682724145528535
1513.513514 0.11080447921350119
1517.017017 0.092489787679905094
1520.520521 0.08060330970757304
1524.024024 0.073762352560563071
1527.527528 0.070687254677679431
1531.031031 0.070337266782291102
1534.534535 0.071963147141977768
1538.038038 0.075082388411624179
1541.541542 0.079398911182726836
1545.045045 0.084698297998279382
1548.548549 0.090750646780753466
1552.052052 0.097246441564207975
1555.555556 0.10377884825411884
1559.059059 0.10987202555879738
1562.562563 0.11504301632788821
1566.066066 0.11887737253148051
1569.569570 0.1210972267639005
1573.073073 0.12160472726099436
1576.576577 0.12049183335571162
1580.080080 0.11801682777179061
1583.583584 0.11455590372435337
1587.087087 0.11054287684273531
1590.590591 0.1064106563301907
1594.094094 0.10254503850419897
1597.597598 0.099256089863695177
1601.101101 0.096766747288721228
1604.604605 0.095214002679180551
1608.108108 0.094656222154026928
1611.611612 0.095080929799941954
1615.115115 0.096410060491728747
1618.618619 0.098503012829080971
1622.122122 0.10116048714319117
1625.625626 0.10413311322717494
1629.129129 0.10713795035521778
1632.632633 0.10988347971437649
1636.136136 0.11210063475133765
1639.639640 0.11357483847496794
1643.143143 0.11417284691588755
1646.646647 0.11385884606383509
1650.150150 0.11269651540072155
1653.653654 0.11083693664195786
1657.157157 0.10849531586255901
1660.660661 0.10592159891752281
1664.164164 0.10337065498630262
1667.667668 0.10107675830422309
1671.171171 0.099235080173983456
1674.674675 0.097990579622199703
1678.178178 0.097432841564148387
1681.681682 0.097594598810026092
1685.185185 0.098452014403804272
1688.688689 0.099925985980451951
1692.192192 0.10188515904903986
1695.695696 0.10415233401135755
1699.199199 0.10651604111400734
1702.702703 0.10874811789583089
1706.206206 0.11062643656342067
1709.709710 0.11196007447395723
1713.213213 0.11261287011001028
1716.716717 0.11252098133601851
1720.220220 0.11170094986115497
1723.723724 0.11024666131927616
1727.227227 0.10831592995562435
1730.730731 0.10610954142305631
1734.234234 0.10384685494662277
1737.737738 0.10174218162432534
1741.241241 0.099985186532980899
1744.744745 0.098726922662549843
1748.248248 0.098071399755647271
1751.751752 0.098071399755648159
1755.255255 0.098726922662552619
1758.758759 0.099985186532985451
1762.262262 0.10174218162433137
1765.765766 0.10384685494663007
1769.269269 0.10610954142306475
1772.772773 0.10831592995563349
1776.276276 0.11024666131928598
1779.779780 0.11170094986116522
1783.283283 0.11252098133602907
1786.786787 0.11261287011002123
1790.290290 0.11196007447396819
1793.793794 0.11062643656343177
1797.297297 0.10874811789584207
1800.800801 0.10651604111401856
1804.304304 0.10415233401136888
1807.807808 0.10188515904905128
1811.311311 0.099925985980463525
1814.814815 0.098452014403816207
1818.318318 0.097594598810038485
1821.821822 0.097432841564161543
1825.325325 0.097990579622213567
1828.828829 0.099235080173998264
1832.332332 0.10107675830423855
1835.835836 0.10337065498631876
1839.339339 0.1059215989175392
1842.842843 0.10849531586257528
1846.346346 0.11083693664197347
1849.849850 0.11269651540073596
1853.353353 0.11385884606384777
1856.856857 0.11417284691589802
1860.360360 0.11357483847497603
1863.863864 0.11210063475134342
1867.367367 0.1098834797143798
1870.870871 0.10713795035521897
1874.374374 0.10413311322717431
1877.877878 0.10116048714318894
1881.381381 0.098503012829077627
1884.884885 0.09641006049172475
1888.388388 0.095080929799937722
1891.891892 0.094656222154023098
1895.395395 0.095214002679177609
1898.898899 0.096766747288719979
1902.402402 0.099256089863696051
1905.905906 0.10254503850420257
1909.409409 0.10641065633019765
1912.912913 0.11054287684274558
1916.416416 0.11455590372436707
1919.919920 0.11801682777180698
1923.423423 0.12049183335573022
1926.926927 0.12160472726101415
1930.430430 0.12109722676392062
1933.933934 0.11887737253150008
1937.437437 0.11504301632790659
1940.940941 0.10987202555881372
1944.444444 0.10377884825413319
1947.947948 0.097246441564220007
1951.451451 0.090750646780763389
1954.954955 0.084698297998287209
1958.458458 0.07939891118273272
1961.961962 0.075082388411628134
1965.465465 0.071963147141979988
1968.968969 0.070337266782291546
1972.472472 0.070687254677678293
1975.975976 0.073762352560560338
1979.479479 0.080603309707569265
1982.982983 0.092489787679900598
1986.486486 0.1108044792134965
1989.989990 0.13682724145528091
1993.493493 0.17149062971763704
1996.996997 0.21514076571900279
2000.500501 0.26735120829288933
2004.004004 0.3268311149624844
2007.507508 0.39145352640742564
2011.011011 0.45840822674869175
2014.514515 0.52446085851374347
2018.018018 0.58628062820557247
2021.521522 0.64078701931486848
2025.025025 0.68546369021749376
2028.528529 0.71859523646591827
2032.032032 0.73939769426664759
2035.535536 0.74803298393460826
2039.039039 0.74551675570467735
2042.542543 0.73354450515560654
2046.046046 0.71426978270592301
2049.549550 0.69006992339208506
2053.053053 0.66332976720905579
2056.556557 0.63626444246222669
2060.060060 0.61079121507396994
2063.563564 0.58845034518650929
2067.067067 0.57036779793609804
2070.570571 0.55724939974829268
2074.074074 0.54939635806864751
2077.577578 0.54673484085833313
2081.081081 0.54885598604216523
2084.584585 0.55506579333351425
2088.088088 0.56444582800687371
2091.591592 0.57592521350385839
2095.095095 0.58836236319918545
2098.598599 0.6006321384172455
2102.102102 0.6117116283659032
2105.605606 0.62075638899054686
2109.109109 0.6271592287581057
2112.612613 0.63058548508899415
2116.116116 0.63098175931709155
2119.619620 0.62855856848522007
2123.123123 0.62375057892645391
2126.626627 0.61716041353733675
2130.130130 0.60949316123369435
2133.633634 0.60148867111150239
2137.137137 0.59385775234803728
2140.640641 0.58722692963792622
2144.144144 0.5820948304397352
2147.647648 0.57880190296064959
2151.151151 0.57751411605649983
2154.654655 0.57822054876814533
2158.158158 0.58074420993457643
2161.661662 0.58476488569943486
2165.165165 0.58985219313580051
2168.668669 0.59550631367761686
2172.172172 0.60120317972192072
2175.675676 0.60644034478249909
2179.179179 0.61077954418686509
2182.682683 0.6138821644971787
2186.186186 0.6155345136906416
2189.689690 0.61566085001416382
2193.193193 0.61432343309370951
2196.696697 0.61171021083495392
2200.200200 0.60811195750159353
2203.703704 0.6038915833038464
2207.207207 0.59944886305300227
2210.710711 0.59518397225856945
2214.214214 0.59146302325454014
2217.717718 0.58858834543259619
2221.221221 0.58677564428909001
2224.724725 0.58613948341240096
2228.228228 0.58668781936637526
2231.731732 0.58832561801592642
2235.235235 0.59086691546084713
2238.738739 0.59405407819501432
2242.242242 0.59758249191729773
2245.745746 0.60112850143989816
2249.249249 0.60437817483271483
2252.752753 0.6070544089351938
2256.256256 0.60894005231185155
2259.759760 0.60989509482487914
2263.263263 0.60986653278893632
2266.766767 0.60889021232108942
2270.270270 0.60708470923255009
2273.773774 0.60463804100672558
2277.277277 0.60178864711171898
2280.780781 0.59880255350850953
2284.284284 0.59594891256371385
2287.787788 0.5934761632091814
2291.291291 0.5915908966017126
2294.794795 0.59044117066524104
2298.298298 0.59010553987430081
2301.801802 0.59058851005767699
2305.305305 0.59182254818054369
2308.808809 0.59367622458797076
2312.312312 0.59596758072379696
2315.815816 0.59848142805635995
2319.319319 0.60098901233792845
2322.822823 0.60326833145644476
2326.326326 0.60512337911407932
2329.829830 0.60640070006342295
2333.333333 0.6070018807154326
2336.836837 0.60689095020947337
2340.340340 0.6060961109592844
2343.843844 0.60470572244105458
2347.347347 0.60285898443230057
2350.850851 0.60073225463843405
2354.354354 0.59852233723148607
2357.857858 0.59642834622609631
2361.361361 0.59463384878324599
2364.864865 0.59329091794082756
2368.368368 0.59250748542766074
2371.871872 0.59233901821717772
2375.375375 0.5927850970926769
2378.878879 0.59379100658518613
2382.382382 0.59525400341118595
2385.885886 0.59703355318286799
2389.389389 0.59896453562931762
2392.892893 0.60087222569066956
2396.396396 0.60258776082626575
2399.899900 0.6039627989042724
2403.403403 0.60488215173362547
2406.906907 0.605273344181531
2410.410410 0.60511229533834077
2413.913914 0.60442463924137591
2417.417417 0.60328258167001347
2420.920921 0.60179759745546857
2424.424424 0.60010966898844609
2427.927928 0.59837410413742909
2431.431431 0.59674720575520002
2434.934935 0.59537216226967649
2438.438438 0.59436647601275561
2441.941942 0.59381205251483782
2445.445445 0.59374877070851262
2448.948949 0.59417198579348596
2452.452452 0.59503403272262168
2455.955956 0.59624944262647439
2459.459459 0.59770328805308237
2462.962963 0.59926185142214805
2466.466466 0.60078466719396983
2469.969970 0.60213691687356852
2473.473473 0.60320115070249658
2476.976977 0.60388736757142736
2480.480480 0.60414060646039103
2483.983984 0.60394539124219915
2487.487487 0.60332662473848708
2490.990991 0.60234683669063471
2494.494494 0.60110003003331458
2497.997998 0.59970270457536712
2501.501502 0.59828292406525374
2505.005005 0.59696849057089352
2508.508509 0.59587536927116491
2512.012012 0.59509745582662132
2515.515516 0.59469860760398907
2519.019019 0.5947075982422283
2522.522523 0.59511634322622609
2526.026026 0.59588142537223765
2529.529530 0.59692865972276343
2533.033033 0.59816020090449107
2536.536537 0.59946352214571896
2540.040040 0.60072148264241954
2543.543544 0.60182264255498985
2547.047047 0.60267097738251729
2550.550551 0.60319418536081137
2554.054054 0.60334987725486255
2557.557558 0.60312909303192463
2561.061061 0.60255680533463984
2564.564565 0.60168933617228004
2568.068068 0.60060890856482863
2571.571572 0.59941584521649538
2575.075075 0.59821917208485453
2578.578579 0.59712654914504681
2582.082082 0.5962345084752243
2585.585586 0.5956199235590165
2589.089089 0.59533347548169768
2592.592593 0.59539564973380166
2596.096096 0.59579552874083841
2599.599600 0.59649237705946756
2603.103103 0.59741977763284271
2606.606607 0.59849188560719624
2610.110110 0.59961122587053794
2613.613614 0.60067736831938734
2617.117117 0.60159576508806401
2620.620621 0.60228602362725814
2624.124124 0.60268892108549554
2627.627628 0.60277154577648928
2631.131131 0.60253008746581049
2634.634635 0.60198999080846438
2638.138138 0.60120342577873553
2641.641642 0.60024429300854509
2645.145145 0.59920123799326963
2648.648649 0.59816935949406214
2652.152152 0.59724143178413203
2655.655656 0.59649949738277663
2659.159159 0.596007623346411
2662.662663 0.59580646424297834
2666.166166 0.59591006613851483
2669.669670 0.59630511177907841
2673.173173 0.5969525790414113
2676.676677 0.59779158553438794
2680.180180 0.59874503352388042
2683.683684 0.59972655261663743
2687.187187 0.60064815865993693
2690.690691 0.60142800166428745
2694.194194 0.60199756289997874
2697.697698 0.60230768678150959
2701.201201 0.6023329051941394
2704.704705 0.60207363751183052
2708.208208 0.60155602862110047
2711.711712 0.60082940858400535
2715.215215 0.59996159805852833
2718.718719 0.59903251155897097
2722.222222 0.59812669233212823
2725.725726 0.59732552011227891
2729.229229 0.59669985094908806
2732.732733 0.59630377743681406
2736.236236 0.59617005407908719
2739.739740 0.59630754279053544
2743.243243 0.59670082762444643
2746.746747 0.59731195187889852
2750.250250 0.59808406215143506
2753.753754 0.5989466098869306
2757.257257 0.59982166073685694
2760.760761 0.60063079150069587
2764.264264 0.60130201101802716
2767.767768 0.60177612740680042
2771.271271 0.60201200677698008
2774.774775 0.60199023725973078
2778.278278 0.6017148331049379
2781.781782 0.60121278479091211
2785.285285 0.60053146941478819
2788.788789 0.59973415710943867
2792.292292 0.59889405312581945
2795.795796 0.59808747073882518
2799.299299 0.59738681373753377
2802.802803 0.59685404826491428
2806.306306 0.59653526652662325
2809.809810 0.5964568068790318
2813.313313 0.59662322140845192
2816.816817 0.59701719977791612
2820.320320 0.59760138821766184
2823.823824 0.59832189775839817
2827.327327 0.59911318000492264
2830.830831 0.59990385988649364
2834.334334 0.6006230495702789
2837.837838 0.60120662571204975
2841.341341 0.60160293815311339
2844.844845 0.60177744092998564
2848.348348 0.60171580541413927
2851.851852 0.60142519536083872
2855.355355 0.60093355043187213
2858.858859 0.600286923161928
2862.362362 0.59954511959141632
2865.865866 0.59877607629736429
2869.369369 0.59804953860062504
2872.872873 0.59743066705990222
2876.376376 0.59697418561909577
2879.879880 0.59671960238159372
2883.383383 0.59668790134085825
2886.886887 0.59687994435949365
2890.390390 0.59727666025241177
2893.893894 0.59784094903598584
2897.397397 0.59852110302186778
2900.900901 0.5992554438692923
2904.404404 0.59997779345799318
2907.907908 0.60062333447114791
2911.411411 0.60113437576250706
2914.914915 0.60146552475318216
2918.418418 0.60158779416923791
2921.921922 0.60149124223649697
2925.425425 0.60118586691848497
2928.928929 0.60070063924656303
2932.432432 0.60008075104237024
2935.935936 0.59938334305419294
2939.439439 0.59867214253464518
2942.942943 0.59801155004215034
2946.446446 0.59746075864687798
2949.949950 0.59706846232229316
2953.453453 0.59686862406851426
2956.956957 0.59687764704739088
2960.460460 0.59709314577651929
2963.963964 0.59749436884568952
2967.467467 0.59804419285069865
2970.970971 0.59869249485964471
2974.474474 0.5993806175042814
2977.977978 0.60004656441369431
2981.481481 0.6006305037916706
2984.984985 0.60108011857770349
2988.488488 0.60135533140301345
2991.991992 0.60143196184228109
2995.495495 0.60130395004812731
2998.998999 0.60098390541761104
3002.502503 0.60050190224904187
3006.006006 0.59990262737935141
3009.509510 0.59924116200134414
3013.013013 0.59857782474891419
3016.516517 0.59797259444490691
3020.020020 0.5974796574868243
3023.523524 0.59714258775132001
3027.027027 0.59699057807966693
3030.530531 0.5970360205959423
3034.034034 0.59727359834586868
3037.537538 0.59768091938163337
3041.041041 0.59822060620649575
3044.544545 0.59884365149541496
3048.048048 0.59949376406749155
3051.551552 0.60011235563007914
3055.055055 0.60064376032726363
3058.558559 0.60104024178846005
3062.062062 0.60126633610245839
3065.565566 0.60130211426987046
3069.069069 0.60114503046392953
3072.572573 0.60081015104605162
3076.076076 0.60032872198583287
3079.579580 0.59974520854636248
3083.083083 0.5991131053964196
3086.586587 0.59848994316897475
3090.090090 0.59793199096827887
3093.593594 0.59748916603393443
3097.097097 0.59720061579495232
3100.600601 0.59709134729419577
3104.104104 0.59717016265734657
3107.607608 0.59742903475251263
3111.111111 0.59784393768870248
3114.614615 0.59837703913424478
3118.118118 0.59898006679636917
3121.621622 0.59959857833972974
3125.125125 0.60017679213414676
3128.628629 0.60066257898700626
3132.132132 0.6010121804964571
3135.635636 0.60119421867650569
3139.139139 0.60119260383214201
3142.642643 0.60100803763750255
3146.146146 0.60065794154439578
3149.649650 0.60017480286574509
3153.153153 0.59960310032242747
3156.656657 0.59899512259008492
3160.160160 0.59840610512220671
3163.663664 0.59788916767108169
3167.167167 0.59749053356379944
3170.670671 0.59724545859638312
3174.174174 0.59717520673016122
3177.677678 0.59728529893521987
3181.181181 0.59756514602831512
3184.684685 0.59798906654704276
3188.188188 0.59851859091498361
3191.691692 0.59910586332210236
3195.195195 0.59969787168254851
3198.698699 0.60024116484807366
3202.202202 0.6006866604490918
3205.705706 0.60099411598617836
3209.209209 0.60113584137498677
3212.712713 0.60109928181576777
3216.216216 0.60088819771676083
3219.719720 0.60052230629323122
3223.223223 0.60003541101785984
3226.726727 0.5994722076128145
3230.230230 0.59888409468932402
3233.733734 0.59832441358578581
3237.237237 0.59784358416336392
3240.740741 0.59748459057038839
3244.244244 0.59727921208315382
3247.747748 0.5972453038696276
3251.251251 0.59738532699182112
3254.754755 0.59768621926989141
3258.258258 0.59812059646828697
3261.761762 0.59864917896713121
3265.265265 0.59922425190452255
3268.768769 0.59979388627798036
3272.272272 0.6003065775478752
3275.775776 0.60071590436551225
3279.279279 0.60098478413574308
3282.782783 0.60108891549067112
3286.286286 0.60101905770870756
3289.789790 0.60078190327736802
3293.293293 0.60039944230941844
3296.796797 0.59990687803264908
3300.300300 0.59934930787362417
3303.803804 0.59877751190051121
3307.307307 0.59824327233253627
3310.810811 0.59779467644239814
3314.314314 0.59747183263121317
3317.817818 0.59730336619479296
3321.321321 0.59730397212263986
3324.824825 0.59747320174470797
3328.328328 0.59779555887404845
3331.831832 0.59824188460506345
3335.335335 0.59877191895257575
3338.838839 0.59933784116695477
3342.342342 0.59988850956474893
3345.845846 0.60037405087841245
3349.349349 0.60075039778012118
3352.852853 0.6009833533051443
3356.356356 0.60105178320895747
3359.859860 0.60094960731525227
3363.363363 0.60068637558885851
3366.866867 0.60028636150217285
3370.370370 0.59978626422006209
3373.873874 0.599231758873079
3377.377377 0.59867324942280387
3380.880881 0.59816124686155647
3384.384384 0.5977418118358091
3387.887888 0.59745246992312306
3391.391391 0.59731894136495989
3394.894895 0.59735293943796941
3398.398398 0.59755119565639692
3401.901902 0.59789577400168847
3405.405405 0.59835564364466842
3408.908909 0.5988893899925225
3412.412412 0.59944885683228821
3415.915916 0.59998343011046162
3419.419419 0.60044460332105276
3422.922923 0.60079041657115229
3426.426426 0.60098934864936193
3429.929930 0.60102327375878117
3433.433433 0.6008891752862765
3436.936937 0.60059943219816858
3440.440440 0.60018064437138652
3443.943944 0.59967111998585787
3447.447447 0.5991172879503609
3450.950951 0.59856940175684903
3454.454454 0.59807695652498127
3457.957958 0.59768424637196294
3461.461461 0.59742645145840578
3464.964965 0.59732657548569112
3468.468468 0.59739346862711196
3471.971972 0.59762107877396087
3475.475475 0.59798898170200232
3478.978979 0.59846414990480734
3482.482482 0.59900382972699551
3485.985986 0.59955930737611141
3489.489489 0.60008026047386143
3492.992993 0.60051932191935831
3496.496496 0.60083643941033693
3500.000000 0.60100260965061791
