0 0 0 0.000000 0.46451830994893911
1 -1 0 0.220999 0.010143711465830939
2 1 0 0.220999 0.010143711465831182
3 -2 0 0.442000 0.008249203442208225
4 2 0 0.442000 0.0082492034422083169
5 -3 0 0.663009 0.0057208254755288642
6 3 0 0.663009 0.0057208254755289692
7 -4 0 0.884027 0.0032379154723581219
8 4 0 0.884027 0.0032379154723582658
9 -5 0 1.105059 0.0013491512910339984
10 5 0 1.105059 0.0013491512910340825
11 -6 0 1.326106 0.00029947684634267055
12 6 0 1.326106 0.00029947684634270552
13 -7 0 1.547174 2.6988300274332765e-06
14 7 0 1.547174 2.6988300274320767e-06
15 -8 0 1.768265 0.00015240245865211013
16 8 0 1.768265 0.00015240245865208275
17 -9 0 1.989382 0.00040071461731213282
18 9 0 1.989382 0.00040071461731209563
19 -10 0 2.210528 0.00051275364513780116
20 10 0 2.210528 0.00051275364513775259
21 -11 0 2.431708 0.00043104369884273399
22 11 0 2.431708 0.00043104369884270347
23 -12 0 2.652924 0.00023949221161636211
24 12 0 2.652924 0.00023949221161634441
25 -13 0 2.874179 6.8293258949496101e-05
26 13 0 2.874179 6.8293258949488728e-05
27 -14 0 3.095478 2.6867371633802003e-06
28 14 0 3.095478 2.6867371633802224e-06
29 -15 0 3.316822 4.3019130511078049e-05
30 15 0 3.316822 4.3019130511079722e-05
31 -16 0 3.538217 0.00012540529198902569
32 16 0 3.538217 0.00012540529198902799
33 -17 0 3.759664 0.00017637050057666445
34 17 0 3.759664 0.00017637050057666803
35 -18 0 3.981167 0.00016102475045161313
36 18 0 3.981167 0.00016102475045162449
37 -19 0 4.202730 9.668334615827004e-05
38 19 0 4.202730 9.6683346158281424e-05
39 -20 0 4.424356 3.0552727090350819e-05
40 20 0 4.424356 3.0552727090363545e-05
41 -21 0 4.646048 2.6594708403413617e-06
42 21 0 4.646048 2.6594708403436631e-06
43 -22 0 4.867810 2.0558941917735841e-05
44 22 0 4.867810 2.0558941917730579e-05
45 -23 0 5.089645 6.0074446450385776e-05
46 23 0 5.089645 6.0074446450375422e-05
47 -24 0 5.311557 8.7012442397146748e-05
48 24 0 5.311557 8.7012442397132518e-05
49 -25 0 5.533548 8.1924162160671024e-05
50 25 0 5.533548 8.1924162160667364e-05
51 -26 0 5.755623 5.087312807058893e-05
52 26 0 5.755623 5.0873128070552121e-05
53 -27 0 5.977785 1.7171689540971714e-05
54 27 0 5.977785 1.7171689540989552e-05
55 -28 0 6.200037 2.6125003352206402e-06
56 28 0 6.200037 2.6125003352242859e-06
57 -29 0 6.422383 1.2577262069090377e-05
58 29 0 6.422383 1.2577262069058198e-05
59 -30 0 6.644826 3.468681590175182e-05
60 30 0 6.644826 3.4686815901726999e-05
61 -31 0 6.867369 4.9995976834617716e-05
62 31 0 6.867369 4.9995976834667277e-05
63 -32 0 7.090017 4.7202360235686712e-05
64 32 0 7.090017 4.7202360235719868e-05
65 -33 0 7.312772 2.9526268646674847e-05
66 33 0 7.312772 2.9526268646665079e-05
67 -34 0 7.535639 1.0411403135124543e-05
68 34 0 7.535639 1.0411403135108726e-05
69 -35 0 7.758620 2.5593313049718469e-06
70 35 0 7.758620 2.5593313049837155e-06
71 -36 0 7.981719 8.9496749778025919e-06
72 36 0 7.981719 8.9496749777617615e-06
73 -37 0 8.204941 2.1998212171560447e-05
74 37 0 8.204941 2.1998212171681491e-05
75 -38 0 8.428288 3.0423387766801748e-05
76 38 0 8.428288 3.0423387766768412e-05
77 -39 0 8.651764 2.7901214167437527e-05
78 39 0 8.651764 2.7901214167410754e-05
79 -40 0 8.875372 1.7008862935541682e-05
80 40 0 8.875372 1.7008862935509315e-05
81 -41 0 9.099117 6.1571437115124945e-06
82 41 0 9.099117 6.1571437115075207e-06
83 -42 0 9.323002 2.6131983672405281e-06
84 42 0 9.323002 2.6131983672397725e-06
85 -43 0 9.547031 7.2391288885544022e-06
86 43 0 9.547031 7.2391288885596046e-06
87 -44 0 9.771207 1.4668478647645957e-05
88 44 0 9.771207 1.4668478647648974e-05
89 -45 0 9.995535 1.8176886993354535e-05
90 45 0 9.995535 1.8176886993341786e-05
91 -46 0 10.220017 1.5055088285415986e-05
92 46 0 10.220017 1.5055088285441006e-05
93 -47 0 10.444658 8.3382854727001906e-06
94 47 0 10.444658 8.3382854727072836e-06
95 -48 0 10.669461 3.9154249774481695e-06
96 48 0 10.669461 3.9154249774453946e-06
