0 0 0 -0.28299686289587217 0.62002506847710159 -0 -0 0 0
1 -1 0 -0.081033850808414756 0.059809288843100633 -0 -0 0.00031256146391566802 -0.00023069468734433302
2 1 0 -0.081408041641856568 0.059298960908230523 -0 -0 -0.00031400478215264674 0.00022872626495284155
3 -2 0 0.072663810150738264 -0.054487876422591765 -0 -0 -0.00056056607254025925 0.00042034755435902391
4 2 0 0.073342769750039838 -0.053570477952496358 -0 -0 0.00056580391673263558 -0.00041327026985840378
5 -3 0 -0.059995649925642346 0.046053929791918191 -0 -0 0.00069428186072917678 -0.00053294544036863354
6 3 0 -0.060853036560612341 0.04491492403012657 -0 -0 -0.00070420371321396644 0.00051976463408254377
7 -4 0 0.04455063572847244 -0.03539450420036009 -0 -0 -0.00068743448912811399 0.00054615164329444477
8 4 0 0.045426033428998841 -0.034263764508704768 -0 -0 0.00070094223287195238 -0.00052870386842973789
9 -5 0 -0.028122182890850896 0.023622937927228128 -0 -0 0.00054245727415279301 -0.00045566998000193536
10 5 0 -0.028850320703161125 0.022727942321842005 -0 -0 -0.00055650254419482392 0.00043840613962507649
11 -6 0 0.012521008992891719 -0.01194240221748471 -0 -0 -0.0002898495533302595 0.00027645535199226882
12 6 0 0.012962223794530669 -0.011461997697818511 -0 -0 0.00030006326000919814 -0.0002653344402892155
13 -7 0 0.00067430219311858904 0.0014977191582185049 -0 -0 -1.8212798989753388e-05 -4.045316513888154e-05
14 7 0 0.00060779820569434393 0.0015259185645678549 -0 -0 1.6416536472241678e-05 4.1214826786600319e-05
15 -8 0 -0.010322976086060026 0.0067650609818306956 -0 -0 0.00031868930605682326 -0.00020884990643764819
16 8 0 -0.010649843595783531 0.006237845521217757 -0 -0 -0.00032878030878490024 0.00019257379304898553
17 -9 0 0.015853441268349845 -0.012212350206484167 -0 -0 -0.00055067279260077927 0.00042419868838504431
18 9 0 0.016518324473132562 -0.011296816109643663 -0 -0 0.00057376765793213226 -0.0003923974088209091
19 -10 0 -0.0173026500645867 0.014594189870688813 -0 -0 0.0006678849406025352 -0.00056333796259780899
20 10 0 -0.018184884001187403 0.013478949183915193 -0 -0 -0.00070193930557811072 0.00052028950140469853
21 -11 0 0.015260959588742769 -0.0140626689356332 -0 -0 -0.0006480843121426707 0.00059719672744318927
22 11 0 0.01619569242311002 -0.012975172141380205 -0 -0 0.00068777943632378224 -0.00055101420479365052
23 -12 0 -0.010735680496771035 0.011134662015185664 -0 -0 0.00049744177734368687 -0.00051592873545567132
24 12 0 -0.01154391787794566 0.01029434281284616 -0 -0 -0.00053489175916161022 0.00047699223043640241
25 -13 0 0.0049592862273228778 -0.0066040010562532069 -0 -0 -0.00024898599132907001 0.00033156056625049002
26 13 0 0.0054815760951168208 -0.0061773516452395946 -0 -0 0.00027520808348768355 -0.00031014020015709504
27 -14 0 0.00082358803454458528 0.0014158106476839412 -0 -0 -4.4538738755083182e-05 -7.65654889567807e-05
28 14 0 0.00069602306180996105 0.0014826897646402443 -0 -0 3.7640164763453436e-05 8.0182238342818774e-05
29 -15 0 -0.0055541492531771056 0.003478288955115919 -0 -0 0.00032188640756927245 -0.00020158153575179776
30 15 0 -0.0058568356489920488 0.0029401605674770131 -0 -0 -0.00033942836262444682 0.00017039472286428875
31 -16 0 0.008510455014152497 -0.0072621213838543397 -0 -0 -0.00052621970242082601 0.00044903255433473489
32 16 0 0.0091963248268456428 -0.0063713311969236562 -0 -0 0.00056862850525623535 -0.00039395308486964229
33 -17 0 -0.0093890380315824491 0.009372133940296427 -0 -0 0.00061698045381159956 -0.00061586963778573612
34 17 0 -0.010334701953266917 0.0083177440024625911 -0 -0 -0.00067912272585177397 0.00054658266928578423
35 -18 0 0.0083079313948665502 -0.0095715443703491936 -0 -0 -0.00057820305545416557 0.00066614611234881488
36 18 0 0.0093350644962570343 -0.0085727916425226008 -0 -0 0.00064968793771367171 -0.00059663640512743084
37 -19 0 -0.0057361669622876107 0.0079699279752044744 -0 -0 0.00042151254595899901 -0.00058565670316516275
38 19 0 -0.0066445361817704524 0.0072300416512176089 -0 -0 -0.00048826252462808294 0.00053128740565441303
39 -20 0 0.0023676118790431433 -0.0049855887790365332 -0 -0 -0.00018319024276555439 0.00038575208497857165
40 20 0 0.0029738025151040516 -0.0046495354697662751 -0 -0 0.00023009328914961087 -0.00035975048908682176
41 -21 0 0.0010339825634704913 0.0012576216232886772 -0 -0 -8.4028697417346139e-05 -0.00010220318077138618
42 21 0 0.00085953662271249804 0.0013827251654405304 -0 -0 6.98519930032624e-05 0.00011236997473939325
43 -22 0 -0.0037881636305606842 0.0024768134268886551 -0 -0 0.00032261637838218476 -0.00021093613044189362
44 22 0 -0.0040933107923595375 0.0019312159901643106 -0 -0 -0.00034860402881495587 0.00016447069593146339
45 -23 0 0.0054207974666659609 -0.005518381521505536 -0 -0 -0.00048280582329729454 0.00049149719209076596
46 23 0 0.0061589981581275811 -0.0046802052817880337 -0 -0 0.00054855400791245718 -0.00041684463921943843
47 -24 0 -0.0057359404304858615 0.0073306072309833525 -0 -0 0.00053327405395478251 -0.00068153124729811827
48 24 0 -0.0067720923041989433 0.0063857325985687049 -0 -0 -0.00062960575699532741 0.00059368564781651543
49 -25 0 0.0048266388526227375 -0.0076319031269005827 -0 -0 -0.000467604971982579 0.00073937909108093042
50 25 0 0.005961107601893988 -0.0067828890681390537 -0 -0 0.00057751235140663455 -0.00065712657389823846
51 -26 0 -0.0030271948807577709 0.0064383811258662332 -0 -0 0.00030512262158104034 -0.00064894921048837143
52 26 0 -0.0040340106939735637 0.0058603257664456591 -0 -0 -0.00040660346192282585 0.00059068478628280933
53 -27 0 0.00082080940915360394 -0.0040502577440953789 -0 -0 -8.5948796631019476e-05 0.00042411158457531791
54 27 0 0.0014928453246892523 -0.0038535345744304486 -0 -0 0.00015631918662530042 -0.00040351225967287085
55 -28 0 0.0012754132578420905 0.00098516017251087528 -0 -0 -0.00013855505505364744 -0.00010702328919635955
56 28 0 0.0010833006584844073 0.0011931802994987416 -0 -0 0.00011768482211790143 0.00012962164307879899
57 -29 0 -0.0028228438575395517 0.0021283522901485363 -0 -0 0.00031774934899610153 -0.00023957490699415482
58 29 0 -0.0031617819581471621 0.0015816022774807887 -0 -0 -0.00035590142762786632 0.00017803078009362785
59 -30 0 0.0035478659347599152 -0.0046761582425219163 -0 -0 -0.00041331520081863324 0.00054475769902462246
60 30 0 0.0043612481537043659 -0.0039285268411862872 -0 -0 0.00050807166607049197 -0.00045766099682010078
61 -31 0 -0.0033860857715821103 0.0061783257345752749 -0 -0 0.00040780486791923854 -0.00074408963036198296
62 31 0 -0.0045178683011200121 0.0054061216920089864 -0 -0 -0.00054411164102140177 0.0006510888652223834
63 -32 0 0.0024776126285603788 -0.0063798793969470982 -0 -0 -0.00030816458036938817 0.00079352713757755051
64 32 0 0.0037018268419940809 -0.0057565530909318447 -0 -0 0.00046043191022403327 -0.00071599803261895802
65 -33 0 -0.0011176594819967349 0.0052949921636511015 -0 -0 0.00014342872133881501 -0.00067950388089110445
66 33 0 -0.0021837611268417604 0.0049514939232224546 -0 -0 -0.00028024104942299275 0.00063542291150783987
67 -34 0 -0.00032380774043942891 -0.0031963468834049109 -0 -0 4.2835017699936676e-05 0.00042282984075668839
68 34 0 0.00036120128216745787 -0.0031923374642361482 -0 -0 4.7781635157597689e-05 -0.00042229945337055817
69 -35 0 0.0014935407766863791 0.00055248358068214537 -0 -0 -0.0002034908417262581 -7.5274375248312645e-05
70 35 0 0.0013370509195018104 0.00086498381327019082 -0 -0 0.00018216952713131241 0.00011785167635828155
71 -36 0 -0.002136270071584455 0.002073481248490436 -0 -0 0.00029953815767046741 -0.00029073419199119829
72 36 0 -0.0025468738096972427 0.0015415602823200679 -0 -0 -0.00035711116254605861 0.00021615063237844165
73 -37 0 0.0021477369509901585 -0.0041424947642100954 -0 -0 -0.00030968267914448385 0.00059730726164167842
74 37 0 0.0030443466227418506 -0.0035362396020174663 -0 -0 0.00043896503151399078 -0.00050989119200315432
75 -38 0 -0.0015887313567164928 0.0052507857094548707 -0 -0 0.00023540497734482273 -0.00077801768420519444
76 38 0 -0.0027854673551319358 0.0047260966456359136 -0 -0 -0.00041272734805509841 0.00070027362970585447
77 -39 0 0.00065883473640765942 -0.0052105335332195595 -0 -0 -0.00010024830567877105 0.00079283487879800373
78 39 0 0.0019032245276735342 -0.0048950443622032928 -0 -0 0.00028959467933623815 -0.00074483004070031848
79 -40 0 0.00036196296943315486 0.0040834037618287279 -0 -0 -5.6522500207049201e-05 -0.00063764586287618375
80 40 0 -0.00066490998363200071 0.0040451326538189555 -0 -0 -0.00010382933576427443 0.00063166961974337387
81 -41 0 -0.0011883108873772372 -0.0021604585035433191 -0 -0 0.0001903177917679936 0.00034601525237916859
82 41 0 -0.00059867681525948397 -0.0023919134142894398 -0 -0 -9.5883030840825231e-05 -0.00038308466575825826
83 -42 0 0.0016022892770719654 -0.00010653201441622059 -0 -0 -0.00026304549448926838 1.7489205483707423e-05
84 42 0 0.0015746086192929779 0.00031509949787788481 -0 -0 0.00025850120125991613 5.1729425153536534e-05
85 -43 0 -0.0015061520963061152 0.0022068917724843533 -0 -0 0.0002533145430385168 -0.00037116954008389592
86 43 0 -0.0020405382426058665 0.001724838865846467 -0 -0 -0.00034319111180473194 0.0002900947189786131
87 -44 0 0.00094260658706080309 -0.0036833653601155464 -0 -0 -0.00016232865534693795 0.00063432162926363867
88 44 0 0.001912195324435078 -0.0032862131086223161 -0 -0 0.00032930397478351717 -0.00056592703937017068
89 -45 0 -7.8514715737750454e-05 0.0042302270159766163 -0 -0 1.3837953760337695e-05 -0.00074556323986880795
90 45 0 -0.0012555928997403803 0.0040403553850366673 -0 -0 -0.00022129401253199408 0.00071209900549365089
91 -46 0 -0.00084291396631002845 -0.0037557576462302318 -0 -0 0.00015196819677030986 0.000677122149847004
92 46 0 0.00026251187137185796 -0.0038402222551866473 -0 -0 4.7328027909918095e-05 -0.00069235019781755443
93 -47 0 0.0015685431846705197 0.0023957871944799802 -0 -0 -0.00028914547619382801 -0.00044163975590668915
94 47 0 0.00080338344654671634 0.0027485812779017987 -0 -0 0.00014809582005023583 0.00050667386797086816
95 -48 0 -0.0019029060203882545 -0.00047611163493745145 -0 -0 0.00035850747192418071 8.9699426438457499e-05
96 48 0 -0.0016755925378059637 -0.0010198643334281866 -0 -0 -0.00031568161447157193 -0.00019214242845707046
