0 0 0 6.000000 0.48592024903732073
1 -1 0 6.159151 0.01042976375377825
2 1 0 5.844996 0.0104168326972684
3 -2 0 6.322145 0.0084772620785728107
4 2 0 5.694469 0.0084589750794697091
5 -3 0 6.488703 0.0058690962640203879
6 3 0 5.548773 0.0058552786672511617
7 -4 0 6.658566 0.0033104429028174617
8 4 0 5.408289 0.0033065191454548799
9 -5 0 6.831498 0.0013700306737040489
10 5 0 5.273425 0.0013739594075362145
11 -6 0 7.007282 0.00029888481513655371
12 6 0 5.144615 0.00030374603973310253
13 -7 0 7.185718 2.8078441738350848e-06
14 7 0 5.022317 2.7507178427004021e-06
15 -8 0 7.366625 0.00016056278455880133
16 8 0 4.907009 0.00015535501113119989
17 -9 0 7.549836 0.00041222593532552038
18 9 0 4.799189 0.00040694658088452016
19 -10 0 7.735198 0.00051955937994396741
20 10 0 4.699366 0.00051994611372041468
21 -11 0 7.922570 0.00042967402477259967
22 11 0 4.608052 0.00043708816891270297
23 -12 0 8.111825 0.00023325452344044682
24 12 0 4.525757 0.00024342971283760191
25 -13 0 8.302845 6.348047368780359e-05
26 13 0 4.452977 7.0057300565468385e-05
27 -14 0 8.495523 2.8508071977287622e-06
28 14 0 4.390180 2.749939063995265e-06
29 -15 0 8.689759 4.6178668643436867e-05
30 15 0 4.337796 4.2331598891980216e-05
31 -16 0 8.885463 0.00012617201888801317
32 16 0 4.296203 0.00012526559592709492
33 -17 0 9.082551 0.00017086848476465495
34 17 0 4.265713 0.00017785214395811983
35 -18 0 9.280949 0.00015036015377972389
36 18 0 4.246564 0.0001641921339887373
37 -19 0 9.480585 8.6109834183960838e-05
38 19 0 4.238909 0.00010032316640271146
39 -20 0 9.681394 2.5099525766987667e-05
40 20 0 4.242809 3.2903258321886261e-05
41 -21 0 9.883318 2.8843672937438852e-06
42 21 0 4.258233 2.7676026568626191e-06
43 -22 0 10.086302 2.1960611540249399e-05
44 22 0 4.285058 1.9203825272440784e-05
45 -23 0 10.290295 5.6698696193709986e-05
46 23 0 4.323072 5.9375748697739026e-05
47 -24 0 10.495252 7.6353669577120507e-05
48 24 0 4.371986 8.8858475208202211e-05
49 -25 0 10.701128 6.7125696185083491e-05
50 25 0 4.431442 8.6399939091274914e-05
51 -26 0 10.907886 3.8364376687573773e-05
52 26 0 4.501026 5.6015122803314065e-05
53 -27 0 11.115488 1.1553858561637013e-05
54 27 0 4.580280 2.0397076897947941e-05
55 -28 0 11.323901 2.8756452611310286e-06
56 28 0 4.668717 2.7952847957036622e-06
57 -29 0 11.533094 1.2748033381103832e-05
58 29 0 4.765830 1.1106217778726545e-05
59 -30 0 11.743038 2.8501790995182819e-05
60 30 0 4.871106 3.4542190718351555e-05
61 -31 0 11.953707 3.5939087508265373e-05
62 31 0 4.984034 5.3443734655165156e-05
63 -32 0 12.165077 2.9859900696255558e-05
64 32 0 5.104113 5.3891870961445715e-05
65 -33 0 12.377124 1.607408150333596e-05
66 33 0 5.230857 3.65795234207712e-05
67 -34 0 12.589829 4.9351106184505052e-06
68 34 0 5.363801 1.4575653511492438e-05
69 -35 0 12.803171 2.7222414381537612e-06
70 35 0 5.502504 2.8165306854115728e-06
71 -36 0 13.017133 7.7495110097178948e-06
72 36 0 5.646548 7.4967346574766216e-06
73 -37 0 13.231699 1.3318452980719778e-05
74 37 0 5.795545 2.2696900307973935e-05
75 -38 0 13.446853 1.3975436323134631e-05
76 38 0 5.949130 3.5806504050113933e-05
77 -39 0 13.662582 9.5225805009842956e-06
78 39 0 6.106967 3.7051777868880563e-05
79 -40 0 13.878872 3.9687087177369025e-06
80 40 0 6.268744 2.6067219480442023e-05
81 -41 0 14.095713 1.2502143944457446e-06
82 41 0 6.434172 1.1210355012429552e-05
83 -42 0 14.313092 1.9810874541588788e-06
84 42 0 6.602987 2.8068175862130182e-06
85 -43 0 14.531001 3.8484893730868513e-06
86 43 0 6.774946 5.6536754229157059e-06
87 -44 0 14.749430 4.4697026925605026e-06
88 44 0 6.949825 1.6135520299820999e-05
89 -45 0 14.968370 3.4275735265952532e-06
90 45 0 7.127420 2.5569108329765153e-05
91 -46 0 15.187814 1.7863207539907149e-06
92 46 0 7.307543 2.6845164994432665e-05
93 -47 0 15.407755 5.1898828718778117e-07
94 47 0 7.490023 1.9355744707020541e-05
95 -48 0 15.628187 1.7802939569892116e-08
96 48 0 7.674701 8.8464723582559706e-06
97 -49 0 15.849104 5.3141924663833382e-07
98 49 0 7.861434 2.7359986728978117e-06
99 -50 0 16.070502 1.9457051118753495e-06
100 50 0 8.050090 4.6396042033846814e-06
101 -51 0 16.292374 3.2456367908304266e-06
102 51 0 8.240549 1.2095767546431476e-05
103 -52 0 16.514719 3.2313501532832139e-06
104 52 0 8.432698 1.8866210545719943e-05
105 -53 0 16.737531 1.887697635487676e-06
106 53 0 8.626438 1.97727697311244e-05
107 -54 0 16.960808 4.4738541458983671e-07
108 54 0 8.821674 1.4362634215804132e-05
109 -55 0 17.184546 3.5223989883702491e-08
110 55 0 9.018321 6.8348915534083806e-06
111 -56 0 17.408745 6.0706176676457258e-07
112 56 0 9.216301 2.5800954665776421e-06
113 -57 0 17.633402 1.2817132594302179e-06
114 57 0 9.415542 4.1286164656953713e-06
115 -58 0 17.858515 1.4079833727913314e-06
116 58 0 9.615976 9.5247693292581823e-06
117 -59 0 18.084083 1.068592452693541e-06
118 59 0 9.817544 1.4138423929412791e-05
119 -60 0 18.310105 6.6757935947466239e-07
120 60 0 10.020189 1.4320963959240548e-05
121 -61 0 18.536582 3.8123043649983385e-07
122 61 0 10.223859 1.0065119742578525e-05
123 -62 0 18.763512 1.8798805525015632e-07
124 62 0 10.428507 4.7649644579764446e-06
125 -63 0 18.990896 1.9899560003226081e-07
126 63 0 10.634089 2.4531176655537968e-06
127 -64 0 19.218734 5.8318132204636753e-07
128 64 0 10.840565 4.7381360359436582e-06
129 -65 0 19.447026 1.1497385146565589e-06
130 65 0 11.047896 9.7365708930849433e-06
131 -66 0 19.675775 1.3648916914555715e-06
132 66 0 11.256049 1.3657479191631657e-05
