0.000000 0.62487288145597397
3.503504 0.62447276271962016
7.007007 0.62343004014355485
10.510511 0.62192440977422825
14.014014 0.62021528971774753
17.517518 0.61859681271252354
21.021021 0.61734714464830676
24.524525 0.61668090945200693
28.028028 0.61671270964680081
31.531532 0.61743769566568885
35.035035 0.6187322935910512
38.538539 0.62037498372065769
42.042042 0.62208382140209106
45.545546 0.62356459390961683
49.049049 0.62456153776283141
52.552553 0.62490182722780396
56.056056 0.62452588545832755
59.559560 0.62349796826081283
63.063063 0.62199503751590646
66.566567 0.62027594687366583
70.070070 0.61863653823775167
73.573574 0.61735865484151742
77.077077 0.61666191447435914
80.580581 0.61666635187050445
84.084084 0.6173720347143532
87.587588 0.61865892177178561
91.091091 0.62030700097631619
94.594595 0.62203351216383451
98.098098 0.6235412110769839
101.601602 0.62456959547502489
105.105105 0.62494022608334365
108.608609 0.62458804826319547
112.112112 0.62357297626803432
115.615616 0.62206956566845117
119.119119 0.62033664432703395
122.622623 0.61867242011964152
126.126126 0.61736307621054942
129.629630 0.61663378029645477
133.133133 0.61661035521389995
136.636637 0.61729788148126041
140.140140 0.6185796682731407
143.643644 0.62023677893205909
147.147147 0.62198502529144928
150.650651 0.62352344018896921
154.154154 0.62458612964056559
157.657658 0.62498853970872115
161.161161 0.62465987796378386
164.664665 0.62365574628951392
168.168168 0.62214860951909901
171.671672 0.62039781819247097
175.175175 0.61870463326085123
178.678679 0.61736028588795899
182.182182 0.61659610241096696
185.685686 0.61654410036810636
189.189189 0.61721450855459137
192.692693 0.61849382613930093
196.196196 0.62016375921588118
199.699700 0.62193805577479555
203.203203 0.62351129147658335
206.706707 0.62461147222836644
210.210210 0.62504737016147593
213.713714 0.62474214481130463
217.217217 0.62374708205994289
220.720721 0.62223286262981881
224.224224 0.6204599251400138
227.727728 0.61873331075019011
231.231231 0.61735006283735483
234.734735 0.61654833758484451
238.238238 0.61646681179213247
241.741742 0.61712104131637424
245.245245 0.61840057583463948
248.748749 0.62008732580622306
252.252252 0.62189230728553735
255.755756 0.62350485046558057
259.259259 0.62464608589828696
262.762763 0.62511748449118931
266.266266 0.62483579079840867
269.769770 0.62384793646592152
273.273273 0.6223231190940347
276.776777 0.62052345562465705
280.280280 0.6187585457600393
283.783784 0.6173320779821676
287.287287 0.61648978376565855
290.790791 0.61637753070562296
294.294294 0.61701642857309091
297.797798 0.61829895856468287
301.301301 0.62000678574485357
304.804805 0.62184748380431976
308.308308 0.62350428219900023
311.811812 0.62469058029230384
315.315315 0.62519984038239629
318.818819 0.62494196016982073
322.322322 0.62395944144099114
325.825826 0.62242029731015391
329.329329 0.62058894701251299
332.832833 0.61878039131899698
336.336336 0.61730588026177935
339.839840 0.61641955451820485
343.343343 0.61627508215564941
346.846847 0.61689940797338094
350.350350 0.61818784628415913
353.853854 0.61992134941518418
357.357357 0.62180328425702047
360.860861 0.62350984191961811
364.364364 0.62474573763138264
367.867868 0.62529562278714679
371.371371 0.62506204105169672
374.874875 0.62408294740888948
378.378378 0.62252547017815174
381.881882 0.62065699887218539
385.385385 0.61879885749399244
388.888889 0.6172708755875389
392.392392 0.61633654282846251
395.895896 0.6161580294925505
399.399399 0.6167684588135468
402.902903 0.61806590107033677
406.406406 0.61983010389903737
409.909910 0.62175939511662626
413.413413 0.62352188899584737
416.916917 0.62481254634123462
420.420420 0.62540629204706844
423.923924 0.62519772007705032
427.427427 0.62422007497280008
430.930931 0.62263990462597174
434.434434 0.62072829299079446
437.937938 0.61881390778758283
441.441441 0.6172262995579888
444.944945 0.61623937423165809
448.448448 0.61602461556882016
451.951952 0.61662174131917524
455.455455 0.61793152321123301
458.958959 0.61973197947756242
462.462462 0.62171548207492922
465.965966 0.62354090634324333
469.469469 0.62489224595948856
472.972973 0.62553364735785033
476.476476 0.62535105386486245
479.979980 0.62437278202290536
483.483483 0.62276511229628029
486.986987 0.62080361811003315
490.490490 0.61882545268624956
493.993994 0.61717117991572001
497.497497 0.61612634373611519
501.001001 0.61587268434985254
504.504505 0.61645701622015825
508.008008 0.61778278291110345
511.511512 0.61962570611007783
515.015015 0.62167118013520006
518.518519 0.623567527417627
522.022022 0.62498638789220029
525.525526 0.62567991197485751
529.029029 0.62552456458484396
532.532533 0.62454345315303905
536.036036 0.62290291679199938
539.539540 0.62088390236349722
543.043043 0.61883334039308924
546.546547 0.61710428579655352
550.050050 0.61599533109030635
553.553554 0.61569957590702873
557.057057 0.61627153724343786
560.560561 0.61761732922871171
564.064064 0.61950975571579825
567.567568 0.62162608103952366
571.071071 0.62360257314556566
574.574575 0.62509691758720831
578.078078 0.62584784807379745
581.581582 0.62572136853119387
585.085085 0.62473501972372758
588.588589 0.62305554366176419
592.092092 0.62097025618644053
595.595596 0.61883734340996122
599.099099 0.6170240583390012
602.602603 0.61584368560533764
606.106106 0.61550198402684553
609.609610 0.61606190558526341
613.113113 0.61743226708675558
616.616617 0.61938226463446422
620.120120 0.62157971719578553
623.623624 0.6236471032277151
627.127127 0.62522628739807451
630.630631 0.62604091404564077
634.134134 0.62594535194123246
637.637638 0.62495112383313722
641.141141 0.62322574302473699
644.644645 0.62106403032750024
648.148148 0.6188371392645301
651.651652 0.61692851461747023
655.155155 0.61566806727623957
658.658659 0.61527576003831974
662.162162 0.61582386956229995
665.665666 0.61722398811515777
669.169169 0.61924092728949032
672.672673 0.62153154032801583
676.176176 0.6237024880196923
679.679680 0.62537761372013079
683.183183 0.62626348320528769
686.686687 0.62620141535466289
690.190190 0.62519634612549668
693.693694 0.62341695976139733
697.197197 0.62116689596277908
700.700701 0.61883228280665781
704.204204 0.61681511271923994
707.707708 0.61546422408516077
711.211211 0.61501563795890368
714.714715 0.61555204393619234
718.218218 0.61698793376174643
721.721722 0.61908284757677157
725.225225 0.62148089246230109
728.728729 0.62377051091504931
732.232232 0.62555489971942291
735.735736 0.62652115357814209
739.239239 0.62649581974159518
742.742743 0.62547652849677859
746.246246 0.62363357448153334
749.749750 0.62128095769231451
753.253253 0.61882216582055483
756.756757 0.6166805586101578
760.260260 0.61522667362622485
763.763764 0.61471484153836875
767.267267 0.61523950850817777
770.770771 0.61671825647075906
774.274274 0.61890432658062311
777.777778 0.62142696545510934
781.281281 0.62385351704692749
784.784785 0.62576335768541047
788.288288 0.62682119619263765
791.791792 0.62683668761781997
795.295295 0.6257992415324779
798.798799 0.62388125258526939
802.302302 0.62140891680284982
805.805806 0.61880595714788456
809.309309 0.61652052360817966
812.812813 0.61494823761110595
816.316316 0.61436450943654497
819.819820 0.61487722052198601
823.323323 0.61640732344446469
826.826827 0.61870055189372597
830.330330 0.62136874302670109
833.833834 0.62395463434876075
837.337337 0.62600988695962123
840.840841 0.62717321993419217
844.344344 0.62723474685016611
847.847848 0.62617447890929112
851.351351 0.6241674630396209
854.854855 0.6215543134484377
858.358358 0.61878251182058963
861.861862 0.61632922036484272
865.365365 0.6146193432832745
868.868869 0.61395283183751415
872.372372 0.61445313117779954
875.875876 0.61604496988959168
879.379379 0.61846513027354322
882.882883 0.62130491539486288
886.386386 0.62407811138748814
889.889890 0.62630380273216768
893.393393 0.62759018605624406
896.896897 0.62770446694878601
900.400400 0.62661571945640482
903.903904 0.62450227246232004
907.407407 0.62172189684560164
910.910911 0.61875022920688205
914.414414 0.61609874721540692
917.917918 0.61422694280706136
921.421421 0.61346371332189953
924.924925 0.61395081549772201
928.428428 0.61561733956349496
931.931932 0.61818936206087616
935.435435 0.62123374960245992
938.938939 0.62422985065619385
942.442442 0.62665798441169118
945.945946 0.62809000837786511
949.449449 0.62826585405020052
952.952953 0.62714160743401182
956.456456 0.62489960289702717
959.959960 0.6219182110861049
963.463463 0.61870682389352372
966.966967 0.61581803825739723
970.470470 0.6137527814872149
973.973974 0.61287462661925984
977.477477 0.61334726924807681
980.980981 0.61510501756687475
984.484484 0.61786107241430732
987.987988 0.62115288550556036
991.491491 0.62441828328102145
994.994995 0.62709075629580058
998.498498 0.62869817759041435
1002.002002 0.62894740031375418
1005.505506 0.62777871881424363
1009.009009 0.62537930579611878
1012.512513 0.62215256060429813
1016.016016 0.61864894025051087
1019.519520 0.61547111097173823
1023.023023 0.61317050374454929
1026.526527 0.61215301865401917
1030.030030 0.61260921164012672
1033.533534 0.61447989043713735
1037.037037 0.61746264476499946
1040.540541 0.62105900135371084
1044.044044 0.62465587075285667
1047.547548 0.62762911240820096
1051.051051 0.62945226974892354
1054.554555 0.62979116329672391
1058.058058 0.62856633712307852
1061.561562 0.62597075028492155
1065.065065 0.62243868066477404
1068.568569 0.6185714716574322
1072.072072 0.61503399257653579
1075.575576 0.61244056764272781
1079.079079 0.61124997839266615
1082.582583 0.61168655257241855
1086.086086 0.61369958371926492
1089.589590 0.61696753329652154
1093.093093 0.6209472377887616
1096.596597 0.62496182946393108
1100.100100 0.62831456266948515
1103.603604 0.63041014053113154
1107.107107 0.63086202710557804
1110.610611 0.62956518935106232
1114.114114 0.62671940597323716
1117.617618 0.62279780502388993
1121.121121 0.61846628525785252
1124.624625 0.61446899269240407
1128.128128 0.61150074260508125
1131.631632 0.61008836328379734
1135.135135 0.61050009705628505
1138.638639 0.61269695580574168
1142.142142 0.61633366343497176
1145.645646 0.62081014218803598
1149.149149 0.6253674210786786
1152.652653 0.62921448552836745
1156.156156 0.63166589483407276
1159.659660 0.63226582810098086
1163.163163 0.63087461846724457
1166.666667 0.6276998370990533
1170.170170 0.62326473832668083
1173.673674 0.61831965585788007
1177.177177 0.61371319644205602
1180.680681 0.61024693666530772
1184.184184 0.60853872413564902
1187.687688 0.60891648619132133
1191.191191 0.61135857936815596
1194.694695 0.61548986914378578
1198.198198 0.62063556737998415
1201.701702 0.62592714143082762
1205.205205 0.63044618208721614
1208.708709 0.6333839027648922
1212.212212 0.63418819549349015
1215.715716 0.63266961099653174
1219.219219 0.6290438986187612
1222.722723 0.62390111890458999
1226.226226 0.61810662989059906
1229.729730 0.6126530088349732
1233.233233 0.60849048412089279
1236.736737 0.6063652806393971
1240.240240 0.60669154164614969
1243.743744 0.60947572361410818
1247.247247 0.61430479769739987
1250.750751 0.62040195482452731
1254.254254 0.62674514875078491
1257.757758 0.63223401894251208
1261.261261 0.63588028980762867
1264.764765 0.63698844892081086
1268.268268 0.63529117281553682
1271.771772 0.63101028395701808
1275.275275 0.62482862516490412
1278.778779 0.61777727820668982
1282.282282 0.61106019904316389
1285.785786 0.60584946550671626
1289.289289 0.60308683019301856
1292.792793 0.60332263660338714
1296.296296 0.60661500502244137
1299.799800 0.61250372686377585
1303.303303 0.6200654033195836
1306.806807 0.62804759224878515
1310.310310 0.63506825202740491
1313.813814 0.6398528426462754
1317.317317 0.64146861429696322
1320.820821 0.63950957809539399
1324.324324 0.63419116549777077
1327.827828 0.62633126167389019
1331.331331 0.61721943675721758
1334.834835 0.60840057009610726
1338.338338 0.6014148719214929
1341.841842 0.5975400119812514
1345.345345 0.59757473480437007
1348.848849 0.60169269286972893
1352.352352 0.60938558021856959
1355.855856 0.6195074349199744
1359.359359 0.63042419936870919
1362.862863 0.64025973101198819
1366.366366 0.64720982400630367
1369.869870 0.64987372817592259
1373.373373 0.64753743365779592
1376.876877 0.64034415881739926
1380.380380 0.6293088199612703
1383.883884 0.61616941128366332
1387.387387 0.60310637838742231
1390.890891 0.59238728468919311
1394.394394 0.58600065051039196
1397.897898 0.58533230697285599
1401.401401 0.59092054803682914
1404.904905 0.60231426156524381
1408.408408 0.61805556171058007
1411.911912 0.63580937378732882
1415.415415 0.65265456459502857
1418.918919 0.66552482902075616
1422.422422 0.67174440414090286
1425.925926 0.66955950314529578
1429.429429 0.65854414594287214
1432.932933 0.63977620779487432
1436.436436 0.6157359995731394
1439.939940 0.58995502345841044
1443.443443 0.56650450740623837
1446.946947 0.54943489641519327
1450.450450 0.54225260222763783
1453.953954 0.54746884051559486
1457.457457 0.56621306269113025
1460.960961 0.5979012669191589
1464.464464 0.63999337807862211
1467.967968 0.68793763217275261
1471.471471 0.73543621443458884
1474.974975 0.77513276335958037
1478.478478 0.7997079774492919
1481.981982 0.80320826740103968
1485.485485 0.7822923711191454
1488.988989 0.73703420311607371
1492.492492 0.6710065449982896
1495.995996 0.59057279225072901
1499.499499 0.50356199550227432
1503.003003 0.41769964370911578
1506.506507 0.33923392363956872
1510.010010 0.27210846160300239
1513.513514 0.21782656607818876
1517.017017 0.17591437466190371
1520.520521 0.14471465820951931
1524.024024 0.1221899504490707
1527.527528 0.10648706808762225
1531.031031 0.096165880327612432
1534.534535 0.090148707960655022
1538.038038 0.087539001358686086
1541.541542 0.087462822376427052
1545.045045 0.089021899019989775
1548.548549 0.091358816211246502
1552.052052 0.093771036770061128
1555.555556 0.095796838236573631
1559.059059 0.097228091655343366
1562.562563 0.09805467436182079
1566.066066 0.09838163794311626
1569.569570 0.098365000483059101
1573.073073 0.098188264083173035
1576.576577 0.098068537716437351
1580.080080 0.098260294926591593
1583.583584 0.099027952392265917
1587.087087 0.10058159289619524
1590.590591 0.10299770741227569
1594.094094 0.10616190676591775
1597.597598 0.10976475990804635
1601.101101 0.11335927040422458
1604.604605 0.11646192937719291
1608.108108 0.11866254095622243
1611.611612 0.11970814646897927
1615.115115 0.11954083181492793
1618.618619 0.11828866224431839
1622.122122 0.11622345336265653
1625.625626 0.11370337800855626
1629.129129 0.11111400087006383
1632.632633 0.1088140522322085
1636.136136 0.10708784242871952
1639.639640 0.1061067629039589
1643.143143 0.10590557455806661
1646.646647 0.10638082139867278
1650.150150 0.1073156689280093
1653.653654 0.10842814511451496
1657.157157 0.10943171637579412
1660.660661 0.1100927263587478
1664.164164 0.11027086238365089
1667.667668 0.10993553223759722
1671.171171 0.10915925386484489
1674.674675 0.108094946810691
1678.178178 0.10694534200675446
1681.681682 0.10593037560331867
1685.185185 0.10525510061005054
1688.688689 0.10507900783804323
1692.192192 0.1054886424974241
1695.695696 0.10647783517512714
1699.199199 0.10794137691185272
1702.702703 0.10968669184692359
1706.206206 0.11146385520346387
1709.709710 0.11300883670921037
1713.213213 0.11409058531411503
1716.716717 0.11455137133167267
1720.220220 0.11433199408773174
1723.723724 0.11347786092987454
1727.227227 0.11212667076599517
1730.730731 0.1104819516733288
1734.234234 0.1087784144180903
1737.737738 0.10724528694928184
1741.241241 0.10607314508207993
1744.744745 0.10538872525160708
1748.248248 0.10524088924914388
1751.751752 0.10559921265327758
1755.255255 0.10636464037691924
1758.758759 0.1073896598447345
1762.262262 0.10850402005717505
1765.765766 0.10954155002522678
1769.269269 0.1103640783548049
1772.772773 0.11087944024738028
1776.276276 0.11105162097868511
1779.779780 0.11090201348129004
1783.283283 0.11050168813353109
1786.786787 0.10995574511976328
1790.290290 0.10938229340319457
1793.793794 0.10889000987278005
1797.297297 0.10855891907383103
1800.800801 0.10842844642443809
1804.304304 0.10849490402135618
1807.807808 0.10871798445925147
1811.311311 0.10903355565163578
1814.814815 0.10936891183918551
1818.318318 0.10965689481691196
1821.821822 0.1098465317721426
1825.325325 0.10990926281845712
1828.828829 0.10984081587549716
1832.332332 0.10965917944226172
1835.835836 0.10939923714619502
1839.339339 0.10910488966145446
1842.842843 0.10882004810739088
1846.346346 0.10858045805232909
1849.849850 0.1084084006996158
1853.353353 0.10831159385674483
1856.856857 0.10828623505089206
1860.360360 0.10832269051119325
1863.863864 0.10841151956939792
1867.367367 0.10854767381684471
1870.870871 0.10873162660902701
1874.374374 0.10896731330869888
1877.877878 0.10925758615622026
1881.381381 0.10959827680570756
1884.884885 0.1099721563717295
1888.388388 0.1103443796436283
1891.891892 0.11066136437078183
1895.395395 0.11085504048523119
1898.898899 0.11085346923222934
1902.402402 0.11059687872265735
1905.905906 0.11005584077369426
1909.409409 0.10924679201892876
1912.912913 0.1082403463322512
1916.416416 0.10715987889944474
1919.919920 0.10617058412415555
1923.423423 0.10546103703535838
1926.926927 0.10521929287621326
1930.430430 0.10560431543738984
1933.933934 0.10671292559697761
1937.437437 0.10854440244488758
1940.940941 0.1109695274276784
1944.444444 0.1137158158556261
1947.947948 0.1163818016745969
1951.451451 0.118487231326175
1954.954955 0.11955323011379142
1958.458458 0.11919209565035287
1961.961962 0.11717853720163002
1965.465465 0.11347973438460644
1968.968969 0.10824115843928542
1972.472472 0.10175086294014575
1975.975976 0.094423026589864095
1979.479479 0.08683866165345544
1982.982983 0.079852917657404709
1986.486486 0.074733071972106643
1989.989990 0.07324960695846848
1993.493493 0.077628445215569719
1996.996997 0.09030050860328212
2000.500501 0.11345228747184742
2004.004004 0.14846538646150553
2007.507508 0.19539970346542637
2011.011011 0.25269260965863288
2014.514515 0.31720148096221473
2018.018018 0.38462067524953103
2021.521522 0.45018978284467204
2025.025025 0.50951928426588655
2028.528529 0.55932531599578916
2032.032032 0.59789762304425176
2035.535536 0.62520904804051247
2039.039039 0.64267833650535755
2042.542543 0.65268462192791776
2046.046046 0.65797682652091793
2049.549550 0.66111854759140221
2053.053053 0.66407070904409216
2056.556557 0.66796144888388498
2060.060060 0.67304501359570557
2063.563564 0.67881955299570873
2067.067067 0.68425812543725917
2070.570571 0.68810218905824905
2074.074074 0.68916638485643611
2077.577578 0.68660538550959926
2081.081081 0.68009991567842543
2084.584585 0.66993266306866095
2088.088088 0.6569458760450676
2091.591592 0.64239673391932495
2095.095095 0.62774688207160079
2098.598599 0.61443235297919974
2102.102102 0.60365712476651401
2105.605606 0.59624077212691584
2109.109109 0.59253445594223508
2112.612613 0.59240613798847097
2116.116116 0.59528836328473567
2119.619620 0.60027902917490128
2123.123123 0.60628361486101734
2126.626627 0.61218331968984341
2130.130130 0.61700732944164993
2133.633634 0.62008202802426549
2137.137137 0.62112962678002936
2140.640641 0.62029600423051079
2144.144144 0.61810163463433065
2147.647648 0.61532610876777305
2151.151151 0.61285045655242398
2154.654655 0.61148826517104427
2158.158158 0.61183559605701088
2161.661662 0.61416306295438927
2165.165165 0.61836450723998149
2168.668669 0.62396804689612473
2172.172172 0.63020754852693184
2175.675676 0.63614503886984408
2179.179179 0.64082661036222677
2182.682683 0.64344685315334527
2186.186186 0.6434922963888885
2189.689690 0.64083570464172568
2193.193193 0.63576176735184609
2196.696697 0.62891927967505923
2200.200200 0.62121117370860246
2203.703704 0.61364656242009796
2207.207207 0.60718451033660625
2210.710711 0.60259678525883786
2214.214214 0.60036872545296627
2217.717718 0.60064754191268011
2221.221221 0.60323929037324397
2224.724725 0.60765071544245353
2228.228228 0.61316926626338186
2231.731732 0.61897185862483406
2235.235235 0.6242491533070843
2238.738739 0.6283277809580009
2242.242242 0.63077025036912004
2245.745746 0.63143372383652019
2249.249249 0.63047559833506717
2252.752753 0.62830477444443744
2256.256256 0.62548950259374869
2259.759760 0.62264200007798343
2263.263263 0.62030388489860344
2266.766767 0.61885422943547019
2270.270270 0.61845515987760391
2273.773774 0.61904104079958422
2277.277277 0.6203489071991275
2280.780781 0.62198145588394504
2284.284284 0.62348994792788848
2287.787788 0.6244624900920267
2291.291291 0.62460301139102281
2294.794795 0.62378780995250371
2298.298298 0.62208999187533065
2301.801802 0.6197674043149326
2305.305305 0.61721613063182601
2308.808809 0.61489801744144756
2312.312312 0.6132555813740872
2315.815816 0.61262987582983508
2319.319319 0.61319609573749867
2322.822823 0.61492824391461332
2326.326326 0.61759895531599607
2329.829830 0.62081457895974879
2333.333333 0.62407973982130016
2336.836837 0.62688059292985077
2340.340340 0.62877253981212389
2343.843844 0.62945697899385911
2347.347347 0.6288331986540926
2350.850851 0.62701580993681161
2354.354354 0.62431449003276174
2357.857858 0.6211799300647648
2361.361361 0.61812614607483096
2364.864865 0.61564333151486894
2368.368368 0.61411650645915195
2371.871872 0.61376347085305305
2375.375375 0.61460172737440577
2378.878879 0.6164490517509702
2382.382382 0.61895707958787116
2385.885886 0.62167223997016585
2389.389389 0.62411406865652264
2392.892893 0.62585790451909018
2396.396396 0.6266078320194044
2399.899900 0.62624700489833529
2403.403403 0.6248562794976944
2406.906907 0.62269784730402988
2410.410410 0.62016710010749354
2413.913914 0.61772180717906011
2417.417417 0.61580155299793249
2420.920921 0.61475160526061734
2424.424424 0.61476401511890044
2427.927928 0.61584539655876691
2431.431431 0.61781628933589272
2434.934935 0.62034199629128739
2438.438438 0.62298985967338583
2441.941942 0.62530361427582482
2445.445445 0.62688233136873495
2448.948949 0.62745023107244113
2452.452452 0.62690483746435377
2455.955956 0.62533466406395322
2459.459459 0.62300325319200645
2462.962963 0.62030274242422323
2466.466466 0.6176857321511553
2469.969970 0.61558785877931377
2473.473473 0.61435454334122641
2476.976977 0.61418400803777495
2480.480480 0.61509546184259045
2483.983984 0.6169271285450777
2487.487487 0.61936417614996653
2490.990991 0.6219920684454453
2494.494494 0.62436680938647271
2497.997998 0.62609051396161663
2501.501502 0.62687936808614253
2505.005005 0.62661190905148634
2508.508509 0.62534883646317752
2512.012012 0.62332077486758242
2515.515516 0.62088645546145316
2519.019019 0.61846926790543122
2522.522523 0.6164838327526333
2526.026026 0.61526550784742984
2529.529530 0.61501460917688056
2533.033033 0.61576416021764713
2536.536537 0.6173759368570455
2540.040040 0.61956511173130724
2543.543544 0.62194941246314961
2547.047047 0.62411481042605366
2550.550551 0.6256868427183907
2554.054054 0.62639533163442929
2557.557558 0.62612102244371515
2561.061061 0.62491567012180238
2564.564565 0.62299194339592123
2568.068068 0.62068518136459161
2571.571572 0.61839424416055999
2575.075075 0.61651229476538427
2578.578579 0.61535969163536397
2582.082082 0.61513025520046516
2585.585586 0.61585948303835081
2589.089089 0.61741951435982323
2592.592593 0.6195414098303067
2596.096096 0.62186109617258734
2599.599600 0.62398154230896608
2603.103103 0.62554086845950208
2606.606607 0.62627471413501035
2610.110110 0.62606180900714836
2613.613614 0.62494446820073335
2617.117117 0.62312028691283072
2620.620621 0.62090670714150731
2624.124124 0.61868515017486692
2627.627628 0.61683494397642979
2631.131131 0.61566868216375792
2634.634635 0.61537988936233445
2638.138138 0.61601137468478728
2641.641642 0.61744907719700981
2645.145145 0.61944215084259657
2648.648649 0.62164597483583095
2652.152152 0.62368111786857172
2655.655656 0.62519849336036148
2659.159159 0.62593955960579095
2662.662663 0.62578092248398565
2666.166166 0.62475525952070443
2669.669670 0.62304476114598117
2673.173173 0.62094841706720205
2676.676677 0.61882931306082578
2680.180180 0.61705158195857612
2683.683684 0.61591813032973675
2687.187187 0.61561966047154171
2690.690691 0.61620321086728425
2694.194194 0.61756504902464149
2697.697698 0.61946885268396257
2701.201201 0.62158617866103383
2704.704705 0.62355265222002054
2708.208208 0.62503056734068529
2711.711712 0.62576719065406328
2715.215215 0.62563847020524055
2718.718719 0.6246702356741014
2722.222222 0.6230330284218899
2725.725726 0.62101161120690196
2729.229229 0.61895488702452761
2732.732733 0.61721537832926743
2736.236236 0.61608894446629991
2739.739740 0.61576494089488676
2743.243243 0.61629489241611546
2746.746747 0.61758452930189134
2750.250250 0.61941028323056857
2753.753754 0.6214575218166426
2757.257257 0.6233743207421879
2760.760761 0.62483187296981157
2764.264264 0.62558121821530954
2767.767768 0.62549629010318608
2771.271271 0.62459549935049274
2774.774775 0.62303791894058347
2778.278278 0.62109485502597861
2781.781782 0.61910213444131146
2785.285285 0.61740182152085632
2788.788789 0.61628365650998929
2792.292292 0.6159361532182519
2795.795796 0.61641531045228015
2799.299299 0.61763581333493334
2802.802803 0.61938597324080458
2806.306306 0.62136393680541291
2809.809810 0.62322928723226423
2813.313313 0.62466149739863941
2816.816817 0.6254152608564284
2820.320320 0.62536295815612342
2823.823824 0.62451659160636552
2827.327327 0.62302518824849762
2830.830831 0.62114821608580617
2834.334334 0.61920998713895303
2837.837838 0.61754336656396847
2841.341341 0.61643273430008994
2844.844845 0.61606589946555035
2848.348348 0.61650281980283561
2851.851852 0.61766603256298491
2855.355355 0.61935418925065788
2858.858859 0.62127645740342174
2862.362362 0.62310220720705678
2865.865866 0.62451776384901425
2869.369369 0.6252805519717759
2872.872873 0.62526111120134242
2876.376376 0.62446540574449438
2879.879880 0.62303335741680421
2883.383383 0.6212139266255674
2886.886887 0.61932139368786454
2890.390390 0.61768081121663487
2893.893894 0.61657227166027739
2897.397397 0.61618348646485954
2900.900901 0.61657844652815297
2904.404404 0.61768710554573336
2907.907908 0.61931761417947262
2911.411411 0.62118908182062305
2914.914915 0.6229795505239657
2918.418418 0.62438124983048948
2921.921922 0.62515372417468884
2925.425425 0.62516550319202002
2928.928929 0.62441680878309302
2932.432432 0.62303915474607852
2935.935936 0.62127195671741975
2939.439439 0.61942051086117389
2942.942943 0.61780299778294245
2946.446446 0.61669588721259716
2949.949950 0.61628706360035723
2953.453453 0.61664437722140397
2956.956957 0.61770460417771378
2960.460460 0.61928447452034951
2963.963964 0.62111194448524343
2967.467467 0.62287264073637938
2970.970971 0.62426380293116368
2974.474474 0.62504654898749035
2977.977978 0.62508729581316325
2981.481481 0.6243808816848414
2984.984985 0.62305116915656344
2988.488488 0.6213290522716427
2991.991992 0.61951195835005546
2995.495495 0.61791221892468984
2998.998999 0.61680344856675828
3002.502503 0.61637410077906674
3006.006006 0.61669585632689528
3009.509510 0.6177118748149738
3013.013013 0.61924669607050642
3016.516517 0.62103615395356504
3020.020020 0.62277245363610667
3023.523524 0.6241569703002996
3027.027027 0.62495179788253741
3030.530531 0.62502101712802693
3034.034034 0.62435426365132918
3037.537538 0.62306829269370323
3041.041041 0.62138627921066381
3044.544545 0.61959869617687491
3048.048048 0.61801289147691685
3051.551552 0.61690029377316502
3055.055055 0.61645028945019065
3058.558559 0.61673839278844445
3062.062062 0.61771379448699415
3065.565566 0.61920820030534274
3069.069069 0.62096449858724367
3072.572573 0.62268061301803623
3076.076076 0.62406130680910399
3079.579580 0.62486914539095062
3083.083083 0.62496569974412974
3086.586587 0.62433558913419662
3090.090090 0.62308897249373929
3093.593594 0.62144204926220126
3097.097097 0.61967918327466565
3100.600601 0.61810354033772297
3104.104104 0.61698498698490867
3107.607608 0.61651418712648798
3111.111111 0.61677050046586501
3114.614615 0.61770882908731817
3118.118118 0.61916744816490565
3121.621622 0.62089552710081897
3125.125125 0.62259588732727256
3128.628629 0.62397595038543519
3132.132132 0.62479823829980996
3135.635636 0.62492159908510136
3139.139139 0.6243257580936532
3142.642643 0.62311471075956348
3146.146146 0.62149834501348689
3149.649650 0.61975569319601675
3153.153153 0.61818649639690337
3156.656657 0.61705966941471857
3160.160160 0.61656751835846235
3163.663664 0.61679331124189496
3167.167167 0.61769741672130551
3170.670671 0.61912417107344464
3174.174174 0.62082834009849375
3177.677678 0.62251689844636859
3181.181181 0.62389924863577739
3184.684685 0.62473737520917927
3188.188188 0.62488717691700246
3191.691692 0.62432356401120948
3195.195195 0.62314473564857753
3198.698699 0.62155485670494848
3202.202202 0.61982833321034347
3205.705706 0.61826218118985699
3209.209209 0.61712493944876534
3212.712713 0.6166109131882227
3216.216216 0.61680735979583989
3219.719720 0.61767990868015721
3223.223223 0.61907850042255053
3226.726727 0.6207628665735514
3230.230230 0.62244343689481718
3233.733734 0.62383094791558591
3237.237237 0.62468636166802316
3240.740741 0.62486238789896009
3244.244244 0.62432916785425607
3247.747748 0.62317942652803759
3251.251251 0.62161214582034863
3254.754755 0.6198977684795115
3258.258258 0.61833125721850501
3261.761762 0.61718134213501363
3265.265265 0.61664469699047553
3268.768769 0.61681268110764453
3272.272272 0.61765602391232743
3275.775776 0.61902986449476893
3279.279279 0.62069831764194261
3282.782783 0.62237460691739266
3286.286286 0.62377017469081797
3289.789790 0.62464447269405665
3293.293293 0.62484675794271927
3296.796797 0.62434240780956218
3300.300300 0.62321894467260797
3303.803804 0.62167065635768859
3307.307307 0.61996464241797178
3310.810811 0.61839445634335466
3314.314314 0.61722957851121107
3317.817818 0.61666943240566585
3321.321321 0.61680962082819202
3324.824825 0.61762585333127018
3328.328328 0.61897810721489044
3331.831832 0.62063434028655129
3335.335335 0.62230994046104615
3338.838839 0.6237164438002154
3342.342342 0.62461130158239775
3345.845846 0.6248400344663565
3349.349349 0.62436322778681108
3352.852853 0.62326343276129514
3356.356356 0.62173069288842642
3359.859860 0.62002935369036871
3363.363363 0.6184521863120811
3366.866867 0.61726997964510477
3370.370370 0.61668530345393424
3373.873874 0.61679817396753089
3377.377377 0.61758919706970261
3380.880881 0.61892286517399631
3384.384384 0.62057047043555158
3387.887888 0.62224895573337524
3391.391391 0.62366934344033498
3394.894895 0.62458658266847289
3398.398398 0.62484214826581741
3401.901902 0.62439177009021285
3405.405405 0.62331322158538627
3408.908909 0.62179271793397406
3412.412412 0.62009241656491365
3415.915916 0.61850492450211447
3419.419419 0.61730290459870441
3422.922923 0.61669249098582979
3426.426426 0.61677831512818304
3429.929930 0.61754583196816026
3433.433433 0.61886376071213922
3436.936937 0.62050624608944471
3440.440440 0.62219119074947749
3443.943944 0.62362849483870897
3447.447447 0.62457008721362484
3450.950951 0.62485305886252984
3454.454454 0.62442818529283384
3457.957958 0.62336862000346327
3461.461461 0.6218571368859791
3464.964965 0.62015425412708181
3468.468468 0.61855303062755718
3471.971972 0.61732858142349623
3475.475475 0.61669104830774257
3478.978979 0.61674991273914059
3482.482482 0.61749546617601292
3485.985986 0.61880039656631858
3489.489489 0.62044123973878951
3492.992993 0.62213626940494127
3496.496496 0.62359364619111468
3500.000000 0.62456173798813874
