0 0 0 6.000000 0.48563683839149746
1 -1 0 5.777829 0.01046315075090703
2 1 0 6.222261 0.010481423084537695
3 -2 0 5.555746 0.0084822992783948458
4 2 0 6.444616 0.008508243984742191
5 -3 0 5.333746 0.0058550605729866144
6 3 0 6.667069 0.0058749169832900839
7 -4 0 5.111827 0.0032919985567486168
8 4 0 6.889623 0.0032981277263422876
9 -5 0 4.889984 0.00135783390236161
10 5 0 7.112281 0.0013529846241810885
11 -6 0 4.668215 0.00029497868512336981
12 6 0 7.335047 0.00028867982215518184
13 -7 0 4.446516 2.7916449397915702e-06
14 7 0 7.557925 3.1003847381160337e-06
15 -8 0 4.224883 0.00015944141828383099
16 8 0 7.780918 0.0001666798546745565
17 -9 0 4.003314 0.00040880241167900116
18 9 0 8.004030 0.00041604081823452268
19 -10 0 3.781805 0.00051635182614176076
20 10 0 8.227264 0.00051584763960946906
21 -11 0 3.560353 0.0004294492182201815
22 11 0 8.450623 0.00041950609810254686
23 -12 0 3.338953 0.00023589158561164667
24 12 0 8.674112 0.00022243171485406571
25 -13 0 3.117604 6.6068461693542831e-05
26 13 0 8.897734 5.7672734240424638e-05
27 -14 0 2.896301 2.7035723564051692e-06
28 14 0 9.121493 3.3001710383717487e-06
29 -15 0 2.675041 4.3755850235786714e-05
30 15 0 9.345393 4.9102280443898964e-05
31 -16 0 2.453822 0.0001250342338751605
32 16 0 9.569436 0.00012603383249055498
33 -17 0 2.232639 0.00017454559676523341
34 17 0 9.793627 0.00016478581716049335
35 -18 0 2.011489 0.00015889804571163086
36 18 0 10.017970 0.00014021632242037938
37 -19 0 1.790369 9.5513826014192204e-05
38 19 0 10.242468 7.686912317699108e-05
39 -20 0 1.569276 3.045469439694305e-05
40 20 0 10.467125 2.0798196556506107e-05
41 -21 0 1.348206 2.6647841099176706e-06
42 21 0 10.691945 3.498654846751848e-06
43 -22 0 1.127156 1.9784065040189528e-05
44 22 0 10.916931 2.3556165889229656e-05
45 -23 0 0.906123 5.8741433114689687e-05
46 23 0 11.142088 5.4640226382165189e-05
47 -24 0 0.685104 8.6287162549436079e-05
48 24 0 11.367420 6.8977663677063136e-05
49 -25 0 0.464095 8.2725992599568164e-05
50 25 0 11.592929 5.6986059316472252e-05
51 -26 0 0.243092 5.2831805607483707e-05
52 26 0 11.818621 3.0129086139458772e-05
53 -27 0 0.022094 1.8806404235344948e-05
54 27 0 12.044500 8.2783054575336153e-06
55 -28 0 0.198905 2.6727742367837708e-06
56 28 0 12.270568 3.6223446228322966e-06
57 -29 0 0.419906 1.1350481668086831e-05
58 29 0 12.496830 1.3409890248656767e-05
59 -30 0 0.640914 3.3999721884217277e-05
60 30 0 12.723291 2.5124463887202531e-05
61 -31 0 0.861931 5.1745584963809278e-05
62 31 0 12.949954 2.7864461861091103e-05
63 -32 0 1.082961 5.1605102975843433e-05
64 32 0 13.176824 2.0185049361590557e-05
65 -33 0 1.304007 3.4660540594445812e-05
66 33 0 13.403904 9.0918352236057703e-06
67 -34 0 1.525073 1.3626915054117136e-05
68 34 0 13.631198 2.6593827402998107e-06
69 -35 0 1.746161 2.7188855101442888e-06
70 35 0 13.858712 3.3463481507262469e-06
71 -36 0 1.967275 7.624466650237937e-06
72 36 0 14.086448 7.3066669235459901e-06
73 -37 0 2.188419 2.245768771363932e-05
74 37 0 14.314412 9.1343212962475142e-06
75 -38 0 2.409595 3.5050447245281403e-05
76 38 0 14.542608 6.9059941874061529e-06
77 -39 0 2.630807 3.6073630254262731e-05
78 39 0 14.771039 2.9307042952125445e-06
79 -40 0 2.852058 2.528647070624711e-05
80 40 0 14.999711 3.9469223958464958e-07
81 -41 0 3.073352 1.084406936549036e-05
82 41 0 15.228628 2.1923187644667429e-07
83 -42 0 3.294692 2.7882125109640841e-06
84 42 0 15.457794 1.3902171837398598e-06
85 -43 0 3.516081 5.7939806628833642e-06
86 43 0 15.687214 2.9831262970625202e-06
87 -44 0 3.737523 1.6322787965625271e-05
88 44 0 15.916892 4.3798849847935224e-06
89 -45 0 3.959020 2.5813135097769795e-05
90 45 0 16.146833 4.5259339916895986e-06
91 -46 0 4.180577 2.7166969066731557e-05
92 46 0 16.377041 2.9172345006178436e-06
93 -47 0 4.402196 1.968480635493566e-05
94 47 0 16.607522 8.0293424789908228e-07
95 -48 0 4.623882 9.0695924302789494e-06
96 48 0 16.838279 3.6586507214223354e-08
97 -49 0 4.845637 2.8637838348356124e-06
98 49 0 17.069319 9.8156468146723941e-07
99 -50 0 5.067465 4.9029584859669885e-06
100 50 0 17.300644 2.2729031984883283e-06
101 -51 0 5.289368 1.2820451206897274e-05
102 51 0 17.532261 2.5003776249970911e-06
103 -52 0 5.511352 2.018432241318794e-05
104 52 0 17.764174 1.612044495176245e-06
105 -53 0 5.733418 2.1423607690515857e-05
106 53 0 17.996388 5.9478957149805619e-07
107 -54 0 5.955571 1.5811691225840443e-05
108 54 0 18.228908 1.9109268371739582e-07
109 -55 0 6.177814 7.6829059331849589e-06
110 55 0 18.461739 3.0792285943226353e-07
111 -56 0 6.400150 2.9503974369768625e-06
112 56 0 18.694887 5.7069015034705719e-07
113 -57 0 6.622583 4.6742799791939093e-06
114 57 0 18.928356 9.3252876078808846e-07
115 -58 0 6.845116 1.0971934543023946e-05
116 58 0 19.162152 1.4302718977231496e-06
117 -59 0 7.067754 1.6682202131491087e-05
118 59 0 19.396280 1.7067186634160109e-06
119 -60 0 7.290498 1.7376784431537041e-05
120 60 0 19.630745 1.3385459562688665e-06
121 -61 0 7.513353 1.2652571581152799e-05
122 61 0 19.865553 5.5401823132644922e-07
123 -62 0 7.736323 6.2982987318907636e-06
124 62 0 20.100709 8.7825853471892555e-08
125 -63 0 7.959410 3.3275228780569588e-06
126 63 0 20.336219 2.6868209402562478e-07
127 -64 0 8.182619 6.1807578980354836e-06
128 64 0 20.572088 6.7861682668003098e-07
129 -65 0 8.405954 1.2932349288679629e-05
130 65 0 20.808323 8.014889372385668e-07
131 -66 0 8.629416 1.8768008324644763e-05
132 66 0 21.044928 6.3629882216425209e-07
