0 0 0 -0.022519760582877951 -0.14312645174993935 0.1059038889758856 0.67338827100661047 -9.4521942400149101e-07 6.830325995139428e-07
1 -1 0 0.0077842481774082544 -0.019801586799794518 -0.03656893603395503 0.093086727043282816 -2.9019235273054644e-05 7.5186421274917614e-05
2 1 0 0.0070791071984015455 -0.020071810902685599 -0.033280331432998689 0.094449718322380666 2.7996816474728475e-05 -7.7456617064836834e-05
3 -2 0 -0.007242594537854476 0.01773959498469228 0.034022145400642786 -0.083361507675824689 5.5009791538825798e-05 -0.00013538457880319738
4 2 0 -0.0059678485156769009 0.018216785798091772 0.028076362731791728 -0.085772522198875351 -4.6333067940211228e-05 0.00013990538627176526
5 -3 0 0.0061536004351949152 -0.014684804505087187 -0.02891130922572541 0.068986102954863904 -7.066394059822047e-05 0.0001684746200316092
6 3 0 0.0045545069856072077 -0.01525763234941897 -0.021451097202524038 0.071889900139157997 5.2538227697757517e-05 -0.00017537845844876974
7 -4 0 -0.0046530508199605592 0.010995789603771499 0.021872560342467463 -0.051646896485887737 7.1679353447223681e-05 -0.00016849497774259551
8 4 0 -0.0030377953933607483 0.011531554431716556 0.014334241070424573 -0.054379486323673898 -4.6276910139375421e-05 0.00017640578068921621
9 -5 0 0.0029330337506181716 -0.0070844622188708404 -0.013805130973158962 0.033277259456493506 -5.6912058786773335e-05 0.00013598860843554961
10 5 0 0.0016137459617715311 -0.0074608570852647401 -0.0076440479304372743 0.035222780318772087 3.0224013033445519e-05 -0.00014232084273116063
11 -6 0 -0.0012113269368985121 0.0033603018732983525 0.005728294530171033 -0.015796295955666409 2.8770546682528765e-05 -7.7753441352658819e-05
12 6 0 -0.00044404508988371978 0.0034945492366396575 0.0021392268083326314 -0.016531687390819765 -9.2616831527544553e-06 7.9540119012629803e-05
13 -7 0 -0.00030301212471425321 -0.00017789574546822598 0.0013793757851542955 0.0008636778159611555 7.1997365068327197e-06 5.4009974859058566e-06
14 7 0 -0.0003679956815614243 -4.6190710434160146e-05 0.0016936649432322919 0.00025649622178440014 -1.0846996818058153e-05 -3.9897298922887986e-07
15 -8 0 0.0014418308536491024 -0.0022049062855622045 -0.0067303495996167261 0.010315420519238673 -4.3461617700106772e-05 6.6966625845353239e-05
16 8 0 0.00078965316867368707 -0.002562373149979231 -0.003697786393348587 0.012079454491805175 2.49692210421219e-05 -7.9260555781935499e-05
17 -9 0 -0.0021023490345820901 0.0036528913015253955 0.0098424783549516653 -0.01711058596987379 7.2113627125526279e-05 -0.00012549556001074775
18 9 0 -0.00085737407329741376 0.0041425582986973361 0.0040399784964841538 -0.019576798770970544 -2.9914132483965291e-05 0.00014328667921519229
19 -10 0 0.002259929616948196 -0.0041607585533784399 -0.010598777922839231 0.019499343036168244 -8.6640132389615815e-05 0.00015920660349162221
20 10 0 0.00066260707837661277 -0.0046593666098180006 -0.0031451533814186522 0.02205800004884844 2.5210045039682268e-05 -0.00017855401536441039
21 -11 0 -0.0019673620335637081 0.0038419737186783211 0.0092442964974527187 -0.01801439492495677 8.3393352485249748e-05 -0.00016201936781585092
22 11 0 -0.00032825744157083836 0.0042274691870022411 0.0015867471940805972 -0.020051440421279695 -1.3147102834528183e-05 0.00017774056843684321
23 -12 0 0.0013413089743620943 -0.0029020715263022266 -0.0063230793225020725 0.013618464218695489 -6.2472479494769798e-05 0.00013381146027346383
24 12 0 -1.9092193083043982e-05 -0.0030840893185677134 4.283954808511893e-05 0.014666172053232144 -1.9265743289714824e-06 -0.00014094135665415641
25 -13 0 -0.00053880770436124487 0.0016013420499650754 0.0025686731706688888 -0.0075298251627752156 2.7795862475046647e-05 -8.0339293835536243e-05
26 13 0 0.00027536044470722243 0.0015436529383642996 -0.00125463500411192 -0.0073802475132933856 1.4872039192736908e-05 7.5742912885959853e-05
27 -14 0 -0.00027164558349197408 -0.00021303695350435162 0.0012307568885087758 0.0010271394586979052 1.3661453890513907e-05 1.2061588576582241e-05
28 14 0 -0.00037824159811900097 5.7741002198991648e-05 0.0017535728940779969 -0.00021984796210776597 -2.1254344122651524e-05 4.2976220995719259e-06
29 -15 0 0.00093914043366984785 -0.00101654933153682 -0.0043680757736856484 0.0047368352393789819 -5.3309437662752753e-05 5.7893215819114983e-05
30 15 0 0.00031590681840633491 -0.0014183114912860984 -0.0014798761081978142 0.0067031371533986771 1.8660614724209047e-05 -8.2480150438390122e-05
31 -16 0 -0.0013544597612849469 0.0019004960306258859 0.0063299791079820715 -0.0088865166578500424 8.2758807217899765e-05 -0.00011622381288191303
32 16 0 -0.00012384876672437718 0.0023174082596222655 0.00059524363609412211 -0.011016106702062607 -7.4727351916460489e-06 0.00014251197679789271
33 -17 0 0.0014653071857480731 -0.0023320443174726824 -0.0068685322443992067 0.010920595260097777 -9.5621628929744247e-05 0.00015194934972412874
34 17 0 -0.00012879487119908962 -0.0026453385879551274 0.0005800915948073462 0.012625720468989668 -9.138640280887137e-06 -0.00017201919030549072
35 -18 0 -0.0012804925004975219 0.0022916352507464429 0.0060213003835137011 -0.010745104903597905 8.8907695300834941e-05 -0.00015844120197829707
36 18 0 0.00035982264740471668 0.0024116576150568329 -0.0016627525571850901 -0.011561662982156454 2.6028346084689493e-05 0.00016524288130994073
37 -19 0 0.0008630020264475633 -0.0018402543158404659 -0.0040796261806292106 0.0086427166104282305 -6.3711734571406551e-05 0.00013462664837428657
38 19 0 -0.00049639771247914858 -0.0017314473716605343 0.0023106437880926803 0.008355021003180271 -3.7507513178491535e-05 -0.00012430359307735969
39 -20 0 -0.00031388209777060956 0.0011011649775470333 0.0015139281690991851 -0.0051878926648552624 2.5036652039741562e-05 -8.5153017686614139e-05
40 20 0 0.00049398256360683201 0.00079322693873029625 -0.002311632481265904 -0.003889923281390561 3.9018422070913909e-05 5.8722870636148324e-05
41 -21 0 -0.00024958209403385572 -0.00023369953833076156 0.0011278505625272703 0.0011248965441867926 1.9217914994311339e-05 1.9491255723680472e-05
42 21 0 -0.00034737730189919141 0.00018450236354384392 0.0016359861276110262 -0.00079948534554448892 -2.8591517471552639e-05 1.672118348049253e-05
43 -22 0 0.00071706693286089837 -0.00059628296587119309 -0.0033285446243543765 0.0027699588744290208 -5.9893698163523756e-05 4.9850322472046467e-05
44 22 0 9.1404514118948132e-05 -0.00099912513897163695 -0.00044101390133454587 0.0047450498795668754 7.6545095106271891e-06 -8.5342643214967437e-05
45 -23 0 -0.0010054541861827442 0.0012444653661957733 0.0046966111667051573 -0.0058194903230358698 8.8495220807265944e-05 -0.0001096715287492647
46 23 0 0.0002087068461094385 0.0015030907679355083 -0.00097208688419557065 -0.0072309525436650623 1.9084069484587045e-05 0.00013234727425388672
47 -24 0 0.0010725681316422328 -0.0016103965367208826 -0.0050309024028707726 0.0075503472555395927 -9.8988274708100012e-05 0.00014855428704159344
48 24 0 -0.00047469391325327459 -0.0016289694128867216 0.0022376918058718822 0.007915301457989788 -4.4714261175632193e-05 -0.00014820329958843142
49 -25 0 -0.00092225708586742049 0.001650950568981143 0.0043452191541571601 -0.0077566186050849074 8.9092282814857464e-05 -0.00015901100585258797
50 25 0 0.00063595385738300994 0.0013960930239757159 -0.0030213031694825494 -0.0068662929205409798 6.1935264700192574e-05 0.00013078127751731317
51 -26 0 0.00060040002038344456 -0.0013833643624688815 -0.0028505209231957573 0.006514939661822817 -6.0788045727022098e-05 0.0001389108458334522
52 26 0 -0.00064829127997118984 -0.00089844880551035757 0.0031070958459805051 0.0045105812393319983 -6.5138507058242154e-05 -8.5733162754805944e-05
53 -27 0 -0.00018314139110198226 0.00087802164554630217 0.00090069180764689957 -0.0041516880058612513 1.9926908444578435e-05 -9.1916225728110322e-05
54 27 0 0.00050589058904778098 0.00027744200275376627 -0.0024552843095249641 -0.0015098224012441049 5.21855001233102e-05 2.4992056334501751e-05
55 -28 0 -0.00023994801645749051 -0.00024276941795236772 0.0010857028080245401 0.0011703953532427116 2.4982633506984941e-05 2.6839938972002617e-05
56 28 0 -0.00024331780862769519 0.00031374673524108172 0.0012145009924120619 -0.0014041294791446021 -2.5334168105346339e-05 3.6267318359351654e-05
57 -29 0 0.00058426635388454824 -0.00039817857225195476 -0.0027113417525242117 0.0018465398610505838 -6.4559460800962115e-05 4.3970336433063633e-05
58 29 0 -7.3180566324824466e-05 -0.00074587348037422052 0.00031451807597876886 0.0035972417695017407 -9.0446581448789684e-06 -8.3470568902537775e-05
59 -30 0 -0.00078649866517067316 0.00092696112079968679 0.0036767994592974791 -0.0043442381742803101 9.0530491061622316e-05 -0.00010693312404554519
60 30 0 0.00036308863753497508 0.00094130448146429921 -0.0017554114173421033 -0.0046671847334088037 4.2008597844931833e-05 0.0001063166758301821
61 -31 0 0.00081580590055987609 -0.0012525176134180814 -0.0038335869958783073 0.0058916246773705406 -9.7487421582788275e-05 0.00014980130180617833
62 31 0 -0.00055340492016706468 -0.00088755967903330734 0.0027538938064654585 0.0045146706017682899 -6.4527476227115252e-05 -0.00010130696747918545
63 -32 0 -0.00067797409337861986 0.0013253988311431187 0.0032044923103917208 -0.006251762437843751 8.4043361513743645e-05 -0.00016402082229310561
64 32 0 0.00059906947394008014 0.00063401499349487428 -0.0030717343421253745 -0.0033389340337337077 7.0266344802850681e-05 7.2401222091577388e-05
65 -33 0 0.00041207294819491617 -0.001144636376923589 -0.0019689024091720454 0.0054152420799719273 -5.313766577332562e-05 0.00014643164247277743
66 33 0 -0.00049623525536002201 -0.00027309340263515273 0.0026520509573473845 0.0015618929860708849 -5.782246728591423e-05 -2.9534683871981958e-05
67 -34 0 -8.0660170780188863e-05 0.00075578129394459704 0.00041773712175869563 -0.0035921899137585805 1.1416982449661545e-05 -9.9974339617311137e-05
68 34 0 0.00028394662837921334 -8.8838722538572788e-05 -0.001637143744572276 0.00029779865589610343 3.1569442692620716e-05 -1.4670554964660354e-05
69 -35 0 -0.00024420657680719187 -0.00024075386956636644 0.0011116010770718279 0.0011656178028386594 3.2182121167525352e-05 3.3243774512835811e-05
70 35 0 -3.2464903128186385e-05 0.00036269446763454528 0.0003312328985192695 -0.0017677394230162968 -5.1845837327277889e-07 4.9041507406281529e-05
71 -36 0 0.0004961537394779223 -0.00029845965646681743 -0.0023063366756016141 0.0013845802296883277 -6.8350496347502657e-05 4.1055348759143634e-05
72 36 0 -0.00017975771824870864 -0.00050048768039883133 0.00088573933277649708 0.0025442089617153793 -2.4828835993392412e-05 -6.7379890580897541e-05
73 -37 0 -0.00062776019635981111 0.00075920379155253203 0.0029409184218299879 -0.0035727728926659898 8.9413922239360799e-05 -0.00010848547661156383
74 37 0 0.00029394367347565986 0.00050329089483727859 -0.0016733081258880173 -0.0025601640981969889 3.67676674838512e-05 6.9789393023102838e-05
75 -38 0 0.00061930571971085993 -0.0010571014990021586 -0.0029188018659061237 0.0049972605764329837 -9.0996436597129375e-05 0.00015565201693206845
76 38 0 -0.00029289672807446959 -0.00040947799763042515 0.0018431791204664503 0.001976579938440397 -3.3894274457345439e-05 -6.0856891710723186e-05
77 -39 0 -0.00048140763563338912 0.0011411504959957493 0.0022857716796318801 -0.0054123594983796564 7.2974276760257882e-05 -0.00017285231999731758
78 39 0 0.00020497325475329645 0.00026830275083343101 -0.0014300647414288467 -0.0010942262323909394 2.1412029897392732e-05 4.549983383295439e-05
79 -40 0 0.00025125501887426237 -0.0010023041732305001 -0.0012132137365610837 0.0047701354488386459 -3.9504947853660421e-05 0.00015607764369142836
80 40 0 -8.4838597203968396e-05 -0.00011411678878245987 0.00068050940709986753 0.00021140772468555372 -7.2176366901370322e-06 -2.5540852372874979e-05
81 -41 0 1.652860943849509e-05 0.00067408194082812958 -4.4047946621328884e-05 -0.0032246275114680592 -1.8845988060402288e-06 -0.0001079543885263787
82 41 0 -1.8981339233647327e-05 -4.1273273756088324e-05 6.2658428940256519e-05 0.00050928496213340424 -3.7096340235765193e-06 3.3265967595557646e-07
83 -42 0 -0.00026228898781639553 -0.00022522042188031444 0.0012056376086779065 0.0010982915404208142 4.1959928060075379e-05 3.7402728061710609e-05
84 42 0 8.7480896779882296e-05 0.00019419645887301608 -0.00054580504070880114 -0.0010751800595454738 1.1672253270046636e-05 2.8986133882461456e-05
85 -43 0 0.00043429314023669485 -0.00025416030877156942 -0.0020265535883508389 0.0011826603096565804 -7.1831580128141947e-05 4.1965183636955179e-05
86 43 0 -0.00012929041700549763 -0.00032849274563811294 0.00073851962830938118 0.0015506272418347085 -1.9325142861349672e-05 -5.6450520973718724e-05
87 -44 0 -0.00049947668209337419 0.00067020794067879671 0.0023481738985418254 -0.0031716060933407527 8.4945509791764081e-05 -0.0001144343242593618
88 44 0 0.00015841625329956352 0.00041032708824077899 -0.00078263832500717709 -0.0018929722352277554 2.7101972149379155e-05 7.3230696669672812e-05
89 -45 0 0.00044977363174131154 -0.00094343698006022869 -0.0021288159003516999 0.0044876621857409156 -7.8564681482000566e-05 0.00016528176562981742
90 45 0 -0.00017350559288557092 -0.00040605346112735621 0.00079449087439701748 0.0019322594538437978 -3.1831697953514734e-05 -7.2846290171723157e-05
91 -46 0 -0.00030281009209601472 0.0010238309568985681 0.0014479230929417884 -0.0048882325253077315 5.4400687354109124e-05 -0.00018377413145539826
92 46 0 0.00015821381071782112 0.00030824870149429999 -0.00074258818046279008 -0.0015362804602509755 2.9285498408883624e-05 5.5030804566054364e-05
93 -47 0 9.6976612767055211e-05 -0.00090007725076393208 -0.00048372394001978454 0.0043141344864290002 -1.8239179847007535e-05 0.00016545801977199429
94 47 0 -0.00010024822138347861 -0.00014577861050918867 0.00052212260858997982 0.00076742772847462437 -1.7811560865938995e-05 -2.5715968174025655e-05
95 -48 0 0.00011789643486618288 0.00060118793245025383 -0.00053007899923941367 -0.0028987070581433213 -2.1372118978538079e-05 -0.00011325098501838358
96 48 0 8.4301452393159868e-06 -3.0271840592191979e-05 -0.00010443793932327842 0.00013090620411602632 1.5977756670640343e-07 -6.1142328583126342e-06
97 -49 0 -0.00029210752801698327 -0.00019022754203258565 0.0013585919168426143 0.00093923691282143875 5.508862512096439e-05 3.7064007004145639e-05
98 49 0 8.7343429377985431e-05 0.00017169472612485134 -0.00040074780856466657 -0.00087547537566490502 1.7491544495477371e-05 3.2390851599912685e-05
99 -50 0 0.00038729274910491928 -0.00024859726628832297 -0.0018187640446942334 0.0011636387531423699 -7.4946434149619098e-05 4.8024064468454548e-05
100 50 0 -0.00015125350335699458 -0.00025186705888979221 0.00080121539179657986 0.0012812723413861823 -2.8498767089556548e-05 -4.8659880361117938e-05
101 -51 0 -0.00038479165958273684 0.00062692763628959946 0.0018194150762467763 -0.0029865944260436816 7.6251166527976371e-05 -0.00012471996919712785
102 51 0 0.00016018294038782502 0.00026978095485586951 -0.0009309534107675132 -0.0013183903325106278 2.8988888229730274e-05 5.450748659190054e-05
103 -52 0 0.00028935166393444922 -0.0008699494403575271 -0.001379535055375175 0.0041683648424188837 -5.8730674457774191e-05 0.000177029313032988
104 52 0 -0.00011479185955831029 -0.00024124784331911223 0.00073792768077531761 0.0010830817947085874 -1.965113098957564e-05 -5.1968182633206899e-05
105 -53 0 -0.00012741336039994531 0.00093126981436773013 0.00062107986291092454 -0.0044816978480737161 2.6663281564128267e-05 -0.00019361998484969148
106 53 0 3.7789861846195525e-05 0.00018496203918228813 -0.00030851237536107121 -0.00071912267222777615 5.1329241799944888e-06 4.3185997614897633e-05
107 -54 0 -5.9556618509536994e-05 -0.00080199280638566231 0.00026175417389783369 0.003878083117260513 1.2075042985879837e-05 0.0001703264616975422
108 54 0 3.8862941215976226e-05 -0.00011224064715184554 -0.00017764375319994605 0.00033741480483020814 8.6365371528197893e-06 -2.89600304183474e-05
109 -55 0 0.00022510309137026028 0.0005121654874611014 -0.0010494927717305607 -0.0024962111193171698 -4.7848007758350318e-05 -0.00011123585641951137
110 55 0 -9.0345965417159006e-05 2.6098388631223346e-05 0.0005375156691135402 2.4870334452894088e-05 -1.7619742213932819e-05 9.215039099540155e-06
111 -56 0 -0.00032885001741153922 -0.00012430097614612857 0.0015496448143464982 0.00063239666990978793 7.1568105102333361e-05 2.8072528754228364e-05
112 56 0 0.00010945417333481287 7.098360150101876e-05 -0.00067298475959144926 -0.00038615918006657001 2.1321223183958305e-05 1.4980430068648287e-05
113 -57 0 0.0003460302049693967 -0.00027970225131414885 -0.0016421445306407428 0.0013210676047573356 -7.6938111176682336e-05 6.2052370038336285e-05
114 57 0 -0.00010517115752846396 -0.00016759594607223735 0.00060762842271933537 0.00075806217800068027 -2.1839773716394419e-05 -3.963012818348043e-05
115 -58 0 -0.00027326589246392467 0.00061556394032887701 0.001307437271005459 -0.0029570569082207647 6.2082226559405344e-05 -0.00014010818904859406
116 58 0 9.1296294598848532e-05 0.00024119502510431949 -0.00044715887477892602 -0.0010870254053890695 2.1204229287763894e-05 5.8188131956452837e-05
117 -59 0 0.00012925504833678574 -0.00081404343006391327 -0.00063067475067878922 0.0039375917611993308 -3.0150325865797546e-05 0.00018913245873543997
118 59 0 -7.4369335733571294e-05 -0.00026703073155021989 0.00028974330393833741 0.0012552037333330786 -1.9316980686185531e-05 -6.4412253649926644e-05
119 -60 0 4.9799711477612714e-05 0.00083516772754144099 -0.00021897934448981911 -0.0040632895867659851 -1.1289640635057943e-05 -0.00019790221214008625
120 60 0 5.0604666672235759e-05 0.00023283048410133324 -0.00015693663748516404 -0.001154077666195267 1.4297748847548773e-05 5.5821151635647919e-05
121 -61 0 -0.00021895285852479242 -0.00067630248733546348 0.0010291213010668939 0.0033138526468354614 5.1969750124732569e-05 0.00016348747887193112
122 61 0 -1.3763858124575559e-05 -0.00014802788562193135 4.4183351452295396e-06 0.00077563994570553196 -4.834626645362654e-06 -3.5180510332049825e-05
123 -62 0 0.0003354080482987163 0.00037237952863080866 -0.0015953977316588719 -0.0018511332830221773 -8.1374712466567701e-05 -9.2097387242310615e-05
124 62 0 -3.3882660780863117e-05 3.9873567092123419e-05 0.00020169605054163648 -0.00023883969883499806 -7.6449125545087855e-06 8.962380302557849e-06
125 -63 0 -0.00036895791311342845 1.1757979487749653e-05 0.0017711911475385336 -1.5858893311837513e-05 9.135700128439292e-05 -2.0202543282740548e-06
126 63 0 7.8017291240319915e-05 6.0778960304833469e-05 -0.00042142045749059368 -0.00027603993361646214 1.8946133942411031e-05 1.5970496560544939e-05
127 -64 0 0.0003094679458894964 -0.00039525936059501784 -0.0015038300976286305 0.0018966094288668399 -7.8276828555743852e-05 9.9447111786654096e-05
128 64 0 -9.9705267854690314e-05 -0.00013341213198846434 0.00055232115099311714 0.00062943472390925438 -2.4341400850557042e-05 -3.511304253884014e-05
129 -65 0 -0.00016957391621915432 0.00069844785542803986 0.00084851154488902705 -0.0034014842396870261 4.4116565009721568e-05 -0.00017965601943271178
130 65 0 8.7764412271657279e-05 0.00017248067546922873 -0.00050305368308238205 -0.00078137573432625449 2.142909883379046e-05 4.6929405024610595e-05
131 -66 0 -1.8117908746347425e-05 -0.00085959846780661001 4.3681858209107245e-05 0.0042233237128228946 3.7538782658553343e-06 0.00022540873728016351
132 66 0 -4.6469080235267437e-05 -0.00018198188191710638 0.00026465057662163749 0.00077506201711599837 -1.1595538622633355e-05 -5.1492320282965928e-05
