0 0 0 6.000000 0.4856597180380875
1 -1 0 5.782867 0.010459219002399432
2 1 0 6.217574 0.010477068999942595
3 -2 0 5.566214 0.0084803171675393221
4 2 0 6.435558 0.0085056484293291566
5 -3 0 5.350084 0.0058550861230731608
6 3 0 6.653924 0.0058744410719293594
7 -4 0 5.134530 0.003293248035264879
8 4 0 6.872647 0.0032991637352967266
9 -5 0 4.919613 0.0013592192584703764
10 5 0 7.091708 0.0013544009076064069
11 -6 0 4.705408 0.00029572756790174068
12 6 0 7.311090 0.0002895143375942613
13 -7 0 4.492001 2.7788688019216595e-06
14 7 0 7.530776 3.0622418585718706e-06
15 -8 0 4.279499 0.00015908149363807114
16 8 0 7.750755 0.00016616964377928645
17 -9 0 4.068030 0.00040864304428040886
18 9 0 7.971014 0.00041573357329095008
19 -10 0 3.857749 0.00051667398342486828
20 10 0 8.191545 0.00051616479399672107
21 -11 0 3.648849 0.00043012727940480554
22 11 0 8.412339 0.00042034503830052153
23 -12 0 3.441567 0.00023655767271675459
24 12 0 8.633389 0.00022330831450200159
25 -13 0 3.236201 6.6416519822003444e-05
26 13 0 8.854689 5.8127949697222509e-05
27 -14 0 3.033126 2.700311362186856e-06
28 14 0 9.076234 3.2470643436016235e-06
29 -15 0 2.832822 4.3625144789100966e-05
30 15 0 9.298019 4.8861346499464021e-05
31 -16 0 2.635906 0.00012505896964089944
32 16 0 9.520043 0.00012605489618994261
33 -17 0 2.443185 0.00017485357224370507
34 17 0 9.742301 0.00016528957336715629
35 -18 0 2.255723 0.00015938781549568821
36 18 0 9.964792 0.00014103458323009882
37 -19 0 2.074931 9.5956439534211965e-05
38 19 0 10.187513 7.7595561173047299e-05
39 -20 0 1.902699 3.0676391464967717e-05
40 20 0 10.410464 2.1117521976776507e-05
41 -21 0 1.741559 2.6684868658161769e-06
42 21 0 10.633645 3.4306154624383016e-06
43 -22 0 1.594864 1.972816159492418e-05
44 22 0 10.857054 2.3427624012700308e-05
45 -23 0 1.466944 5.880709282773963e-05
46 23 0 11.080691 5.481700606159933e-05
47 -24 0 1.363086 8.6543098846242811e-05
48 24 0 11.304557 6.9574265736063235e-05
49 -25 0 1.289114 8.3089733843903617e-05
50 25 0 11.528653 5.7781995203138812e-05
51 -26 0 1.250337 5.3145626472015872e-05
52 26 0 11.752980 3.0752017210251453e-05
53 -27 0 1.250033 1.8960446130209301e-05
54 27 0 11.977538 8.5026169629477249e-06
55 -28 0 1.288230 2.680442224735923e-06
56 28 0 12.202329 3.5441315349392603e-06
57 -29 0 1.361692 1.1325961208759059e-05
58 29 0 12.427354 1.3362165507905846e-05
59 -30 0 1.465130 3.4064255457277867e-05
60 30 0 12.652616 2.5405376862618892e-05
61 -31 0 1.592719 5.1938474911594178e-05
62 31 0 12.878116 2.8499418834095237e-05
63 -32 0 1.739158 5.1863946605676116e-05
64 32 0 13.103857 2.0913566674155741e-05
65 -33 0 1.900102 3.4877666693215532e-05
66 33 0 13.329840 9.5864781726220386e-06
67 -34 0 2.072182 1.373246041869412e-05
68 34 0 13.556069 2.7943219254229815e-06
69 -35 0 2.252857 2.7269024290027032e-06
70 35 0 13.782545 3.2906289713228848e-06
71 -36 0 2.440228 7.61268666810174e-06
72 36 0 14.009272 7.3613883232211896e-06
73 -37 0 2.632876 2.2503571307412387e-05
74 37 0 14.236252 9.4542209530537452e-06
75 -38 0 2.829733 3.5175515538300331e-05
76 38 0 14.463489 7.3631486913419535e-06
77 -39 0 3.029990 3.6235620700792279e-05
78 39 0 14.690985 3.2670307092337291e-06
79 -40 0 3.233026 2.5418691295644368e-05
80 40 0 14.918743 5.1370322300001471e-07
81 -41 0 3.438359 1.0906667267762481e-05
82 41 0 15.146768 2.5756666422494386e-07
83 -42 0 3.645614 2.7921508248555842e-06
84 42 0 15.375061 1.4545321458754348e-06
85 -43 0 3.854491 5.7843789737917682e-06
86 43 0 15.603628 2.9809300485277082e-06
87 -44 0 4.064751 1.634050630677942e-05
88 44 0 15.832471 4.2519736509646012e-06
89 -45 0 4.276204 2.5866716217981603e-05
90 45 0 16.061594 4.4120752953590746e-06
91 -46 0 4.488690 2.7233814823494232e-05
92 46 0 16.291001 2.9297005042488814e-06
93 -47 0 4.702084 1.9734828586279397e-05
94 47 0 16.520696 8.6165705508950556e-07
95 -48 0 4.916278 9.0885068623768721e-06
96 48 0 16.750683 2.79884621351088e-08
97 -49 0 5.131184 2.8580799196681022e-06
98 49 0 16.980965 9.2851063458768577e-07
99 -50 0 5.346728 4.8872099811445734e-06
100 50 0 17.211548 2.2793154698505876e-06
101 -51 0 5.562850 1.2802375727638835e-05
102 51 0 17.442434 2.5968294788072502e-06
103 -52 0 5.779496 2.0161710350913459e-05
104 52 0 17.673629 1.7168900385229049e-06
105 -53 0 5.996621 2.1393185618563197e-05
106 53 0 17.905137 6.2177971004699784e-07
107 -54 0 6.214189 1.5777628309005018e-05
108 54 0 18.136961 1.5329656500111105e-07
109 -55 0 6.432167 7.6538621602473282e-06
110 55 0 18.369108 2.8511838387887886e-07
111 -56 0 6.650526 2.9271414375958214e-06
112 56 0 18.601581 5.9058589459187187e-07
113 -57 0 6.869244 4.6416496647001739e-06
114 57 0 18.834385 9.3745819852199094e-07
115 -58 0 7.088301 1.090686313524762e-05
116 58 0 19.067524 1.379818861272063e-06
117 -59 0 7.307677 1.6574243910536216e-05
118 59 0 19.301005 1.6520520320160232e-06
119 -60 0 7.527359 1.7242947761100773e-05
120 60 0 19.534830 1.3424269449242027e-06
121 -61 0 7.747333 1.252931466881365e-05
122 61 0 19.769007 5.9140430390418714e-07
123 -62 0 7.967588 6.2120674063615797e-06
124 62 0 20.003538 9.505392651832394e-08
125 -63 0 8.188115 3.2664245203453398e-06
126 63 0 20.238431 2.49242765973429e-07
127 -64 0 8.408905 6.0941703259311186e-06
128 64 0 20.473689 6.8842005460207806e-07
129 -65 0 8.629950 1.2765421097076732e-05
130 65 0 20.709319 8.4998832251383825e-07
131 -66 0 8.851247 1.8507977742213552e-05
132 66 0 20.945326 6.6563248323008699e-07
