0.000000 0.62956625893635532
3.503504 0.62920795624535131
7.007007 0.62817994458202664
10.510511 0.6266592552021707
14.014014 0.62490779316571254
17.517518 0.62322694406947921
21.021021 0.62190565191688163
24.524525 0.62117095992029214
28.028028 0.6211493473598706
31.531532 0.62184521962334083
35.035035 0.62314003760098424
38.538539 0.62481225152969666
42.042042 0.6265748553409809
45.545546 0.62812442517412559
49.049049 0.62919340377433253
52.552553 0.62959658209710712
56.056056 0.62926351153542948
59.559560 0.6282509582451955
63.063063 0.62673310020481787
66.566567 0.62497124538299753
70.070070 0.62326854931058828
73.573574 0.62191778007324172
77.077077 0.62115118578143647
80.580581 0.62110091934372813
84.084084 0.62177653360102836
87.587588 0.62306319895301698
91.091091 0.62474096247784372
94.594595 0.62652198549402005
98.098098 0.62809969054156445
101.601602 0.62920157581005121
105.105105 0.62963656573393101
108.608609 0.6293284780895696
112.112112 0.62832952271460696
115.615616 0.6268113338914213
119.119119 0.6250351573799231
122.622623 0.62330658695798091
126.126126 0.62192290217129043
129.629630 0.6211221457432704
133.133133 0.62104253672271559
136.636637 0.62169890420390617
140.140140 0.62297996994295857
143.643644 0.62466695652302218
147.147147 0.62647057585945987
150.650651 0.62808038655863296
154.154154 0.62921825864093595
157.657658 0.629686711666952
161.161161 0.62940353235400814
164.664665 0.62841637237739956
168.168168 0.62689461894060539
171.671672 0.62510000074791183
175.175175 0.62334125002030516
178.678679 0.62192089311597987
182.182182 0.6210834128264372
185.685686 0.62097354071527266
189.189189 0.62161155353987729
192.692693 0.62288958998308219
196.196196 0.62458962698102671
199.699700 0.62642028611653422
203.203203 0.62806650672957087
206.706707 0.62924378860577879
210.210210 0.62974764641638825
213.713714 0.62948948477103628
217.217217 0.62851235988951359
220.720721 0.62698369810111787
224.224224 0.62516627309113837
227.727728 0.62337269712903598
231.231231 0.62191153749024597
234.734735 0.62103442839167389
238.238238 0.62089312194434365
241.741742 0.62151356065919461
245.245245 0.62279118902312058
248.748749 0.62450831240328852
252.252252 0.62637078818190561
255.755756 0.62805812482671275
259.259259 0.62927863949004048
262.762763 0.62982016986567246
266.266266 0.62958732677632978
269.769770 0.62861849597817265
273.273273 0.62707942174899634
276.776777 0.62523450957850202
280.280280 0.62340104626756676
283.783784 0.62189450596051865
287.287287 0.62097446406954548
290.790791 0.62080027276460814
294.294294 0.62140381053991156
297.797798 0.62268373997094939
301.301301 0.62442225873861879
304.804805 0.62632174298641219
308.308308 0.62805538894623758
311.811812 0.62932343386416756
315.315315 0.62990528120514544
318.818819 0.62969826642921722
322.322322 0.62873598843557221
325.825826 0.62718278360664426
329.329329 0.625305309576764
332.832833 0.62342638831844421
336.336336 0.6218693542047008
339.839840 0.62090260722307056
343.343343 0.62069376286030531
346.846847 0.6212809652123279
350.350350 0.62256603156050216
353.853854 0.62433059986176309
357.357357 0.62627279317741602
360.860861 0.62805852860133415
364.364364 0.62937896398276316
367.867868 0.63000421025122666
371.371371 0.62982376450215305
374.874875 0.6288662760613144
378.378378 0.62729494562907939
381.881882 0.62537934689321506
385.385385 0.62344877949786748
388.888889 0.62183549748063449
392.392392 0.62081772084408482
395.895896 0.62057209049521256
399.399399 0.62114341429773023
402.902903 0.62243662673501332
406.406406 0.6242323315147067
409.909910 0.62622355808463159
413.413413 0.62806787283136323
416.916917 0.62944623123514287
420.420420 0.63011847262036269
423.923924 0.62996559675705421
427.427427 0.6290110878247499
430.930931 0.62741728399730112
434.434434 0.62545739448698712
437.937938 0.62346824008635759
441.441441 0.62179218299117345
444.944945 0.62071839365427395
448.448448 0.62043341835880217
451.951952 0.62098920727536144
455.455455 0.62229380295585313
458.958959 0.62412627027499323
462.462462 0.62617361908742952
465.965966 0.62808386535030536
469.469469 0.62952648930890431
472.972973 0.63024993409150221
476.476476 0.63012592867214223
479.979980 0.62917251492433746
483.483483 0.62755144557161657
486.986987 0.62554035480368475
490.490490 0.62348475249517055
493.993994 0.62173845508625292
497.497497 0.62060287764103195
501.001001 0.62027549368499124
504.504505 0.62081596987377541
508.008008 0.62213547975720018
511.511512 0.62401100582641378
515.015015 0.62612250637246214
518.518519 0.62810708985359054
522.022022 0.62962130537583938
525.525526 0.6304008984138133
529.029029 0.6303074154025502
532.532533 0.62935310563589975
536.036036 0.62769942059792871
539.539540 0.62562929662712341
543.043043 0.62349825441880269
546.546547 0.62167310429468381
550.050050 0.62046900026377472
553.553554 0.6200955376331454
557.057057 0.62062078917044838
560.560561 0.62195911965568462
564.064064 0.62388483592137889
567.567568 0.62606968106938521
571.071071 0.62813830473810395
574.574575 0.62973264371635962
578.078078 0.63057422725371004
581.581582 0.6305133384148307
585.085085 0.62955599520372951
588.588589 0.62786364272651141
592.092092 0.62572550656992565
595.595596 0.62350863107306531
599.099099 0.62159459963219343
602.602603 0.62031404661291312
606.106106 0.61989009618572788
609.609610 0.62040005831596301
613.113113 0.62176159394654695
616.616617 0.62374567805450465
620.120120 0.62601451071640846
623.623624 0.62817848984136704
627.127127 0.62986297886214793
630.630631 0.63077350273083954
634.134134 0.63074779074702547
637.637638 0.62978508191665628
641.141141 0.62804712434657151
644.644645 0.62583055816953337
648.148148 0.62351570336603135
651.651652 0.62150099489288679
655.155155 0.6201345971938701
658.658659 0.61965483530419618
662.162162 0.62014926349383392
665.665666 0.62153899892613507
669.169169 0.6235909491202537
672.672673 0.62595623709449943
676.176176 0.62822891283571947
679.679680 0.63001545386388302
683.183183 0.63100325403046797
686.686687 0.63101593497766706
690.190190 0.63004527208893202
693.693694 0.62825364463929334
697.197197 0.62594640744005015
700.700701 0.62351921039128688
704.204204 0.62138979666065042
707.707708 0.61992630005075378
711.211211 0.61938425329565039
714.714715 0.61986268472826689
718.218218 0.62128639771746419
721.721722 0.62341739637826077
725.225225 0.62589393134362559
728.728729 0.62829122338938181
732.232232 0.63019410433945311
735.735736 0.63126927832502377
739.239239 0.63132436882515097
742.742743 0.63034282753189674
746.246246 0.62848801649186015
749.749750 0.6260755285036721
753.253253 0.62351878427060503
756.756757 0.62125777602341337
760.260260 0.61968354554420424
763.763764 0.61907126995987061
767.267267 0.61953296813031611
770.770771 0.6209974508724514
774.274274 0.6232208555882468
777.777778 0.6258264302717268
781.281281 0.62836758956143068
784.784785 0.63040418227953821
788.288288 0.63157910479019108
791.791792 0.63168165420960332
795.295295 0.63068586881010313
798.798799 0.62875647329115647
802.302302 0.62622110994515501
805.805806 0.62351391270530643
809.309309 0.62110069337878004
812.812813 0.61939899106616125
816.316316 0.61870662568781309
819.819820 0.61915049964794266
823.323323 0.62066387505405385
826.826827 0.62299589650787579
830.330330 0.62575224379551142
833.833834 0.62846090033599533
837.337337 0.63065263587500919
840.840841 0.63194268268799236
844.344344 0.63209910269493075
847.847848 0.63108512328096833
851.351351 0.62906724446720208
854.854855 0.62638734704665866
858.358358 0.62350388233426446
861.861862 0.62091288601669103
865.365365 0.61906284820688728
868.868869 0.61827797904747439
872.372372 0.6187024632077387
875.875876 0.62027462775197928
879.379379 0.62273528848731852
882.882883 0.62566941618142446
886.386386 0.6285750743325168
889.889890 0.63094884037314991
893.393393 0.63237343078557895
896.896897 0.63259197530687905
900.400400 0.63155506963681074
903.903904 0.62943143743490049
907.407407 0.62657989000822023
910.910911 0.62348769084306288
914.414414 0.62068663160628368
917.917918 0.61866178112816506
921.421421 0.61776850978322329
924.924925 0.6181713799786277
928.428428 0.61981464059365043
931.931932 0.62242916913401447
935.435435 0.62557531136214062
938.938939 0.62871554581996014
942.442442 0.63130574826055985
945.945946 0.63288989160266307
949.449449 0.63318137757112936
952.952953 0.6321157492436692
956.456456 0.62986443599031183
959.959960 0.62680655564182297
963.463463 0.62346390599214385
966.966967 0.62041113099617173
970.470470 0.61817714292983483
973.973974 0.61715467754706865
977.477477 0.617532759576363
980.980981 0.61926277805744001
984.484484 0.62206370233235486
987.987988 0.62546626813742101
991.491491 0.62889005939138298
994.994995 0.63174177012840316
998.498498 0.63351844229746246
1002.002002 0.63389737253511058
1005.505506 0.63279574901677949
1009.009009 0.63038820870097945
1012.512513 0.62707850466798409
1016.016016 0.6234304306913625
1019.519520 0.62007081464570435
1023.023023 0.61758203223792629
1026.526527 0.61640247135203308
1030.030030 0.6167511586332014
1033.533534 0.61858840261161241
1037.037037 0.62161881503952787
1040.540541 0.62533702143359682
1044.044044 0.62911002921355208
1047.547548 0.6322839939821161
1051.051051 0.63429794721906485
1054.554555 0.63478433964287517
1058.058058 0.63363735205557281
1061.561562 0.63103530705492028
1065.065065 0.62741228683660455
1068.568569 0.62338409303920217
1072.072072 0.61964238097513746
1075.575576 0.61683612941389032
1079.079079 0.61546080759862098
1082.582583 0.6157732186214826
1086.086086 0.61774528624853198
1089.589590 0.62106417374804435
1093.093093 0.62517967781954509
1096.596597 0.62939299412626715
1100.100100 0.63297400832126116
1103.603604 0.63528820290244115
1107.107107 0.63591073908569673
1110.610611 0.6347059592672839
1114.114114 0.63185620790956709
1117.617618 0.62783361256270787
1121.121121 0.62331989055160897
1124.624625 0.61908929787718736
1128.128128 0.61587606802912842
1131.631632 0.61424916611901859
1135.135135 0.61451456886514977
1138.638639 0.61666010543747363
1142.142142 0.62035155057597358
1145.645646 0.62498177749827732
1149.149149 0.62976735898338809
1152.652653 0.63387917806928584
1156.156156 0.63658636766265364
1159.659660 0.63738820350693026
1163.163163 0.63610860569365546
1166.666667 0.63293382069455906
1170.170170 0.62838485186363602
1173.673674 0.62322950344311467
1177.177177 0.6183508063145744
1180.680681 0.61459605992136157
1184.184184 0.61263256427566326
1187.687688 0.61283315786049464
1191.191191 0.61520887090097209
1194.694695 0.6193990919396215
1198.198198 0.62472229799042989
1201.701702 0.63028235369592012
1205.205205 0.63511644952253321
1208.708709 0.63836187499363817
1212.212212 0.63941238797589661
1215.715716 0.63803386097743908
1219.219219 0.63441498723461487
1222.722723 0.62914148136459125
1226.226226 0.62309814422478105
1229.729730 0.6173177391189032
1233.233233 0.61280488781381059
1236.736737 0.61036553669297555
1240.240240 0.61046904712715067
1243.743744 0.61316324636773689
1247.247247 0.61805515916462128
1250.750751 0.62436237236208025
1254.254254 0.6310313419485668
1257.757758 0.63690862874801835
1261.261261 0.64093979992710048
1264.764765 0.64236150205373266
1268.268268 0.64084908952266273
1271.771772 0.63658817633793319
1275.275275 0.63025337625222333
1278.778779 0.62289738037858167
1282.282282 0.61577226403497276
1285.785786 0.61011701960876752
1289.289289 0.60694842209182509
1292.792793 0.606887915937809
1296.296296 0.61004904632569446
1299.799800 0.61600144659321132
1303.303303 0.62381948111250052
1306.806807 0.63221475419832074
1310.310310 0.63973974750428197
1313.813814 0.64503494148549778
1317.317317 0.64707759308200585
1320.820821 0.64538300639534685
1324.324324 0.64011394089046658
1327.827828 0.63207173327422606
1331.331331 0.62256901200179426
1334.834835 0.61320987029906404
1338.338338 0.60562060409463259
1341.841842 0.60117860988050176
1345.345345 0.600780799649828
1348.848849 0.60468199884558127
1352.352352 0.61242404025871866
1355.855856 0.62286930694139309
1359.359359 0.6343450710221239
1362.862863 0.64489199196483005
1366.366366 0.65258943943861492
1369.869870 0.65590616294483117
1373.373373 0.65400718539879543
1376.876877 0.64694724289698458
1380.380380 0.63570231808605671
1383.883884 0.62202864514164957
1387.387387 0.60817947804673478
1390.890891 0.59653869103282997
1394.394394 0.58923811221564604
1397.897898 0.58781461657439438
1401.401401 0.59294475466539176
1404.904905 0.6042818269817144
1408.408408 0.62041826905572595
1411.911912 0.63899900996481207
1415.415415 0.65700543933318256
1418.918919 0.67120327057137852
1422.422422 0.67870161958206598
1425.925926 0.67752127763314196
1429.429429 0.66704260520294489
1432.932933 0.64821787894388005
1436.436436 0.62349108553208554
1439.939940 0.59644917745417447
1443.443443 0.57129780778080219
1446.946947 0.55228085497079837
1450.450450 0.54313793893732121
1453.953954 0.54663756899139981
1457.457457 0.56417438352556215
1460.960961 0.59541265991206893
1464.464464 0.63800439383664875
1467.967968 0.68748258408128426
1471.471471 0.7374777675227796
1474.974975 0.78037959758208886
1478.478478 0.80844919776532209
1481.981982 0.81521459429202126
1485.485485 0.79682286606430686
1488.988989 0.7529587336683875
1492.492492 0.68701796187251996
1495.995996 0.60543294588551211
1499.499499 0.5163146019617797
1503.003003 0.42779550937779542
1506.506507 0.3465451966095448
1510.010010 0.27684575027863911
1513.513514 0.22040132350137837
1517.017017 0.17679875099856387
1520.520521 0.14434056347176538
1524.024024 0.12090540193205357
1527.527528 0.1045626583308899
1531.031031 0.093827884113942939
1534.534535 0.08761274441373082
1538.038038 0.085027080896294571
1541.541542 0.085200088752978229
1545.045045 0.087219952550142574
1548.548549 0.09019599061340329
1552.052052 0.093376968487254408
1555.555556 0.096243110972455428
1559.059059 0.098523080649131969
1562.562563 0.10014103507868437
1566.066066 0.10113797350833872
1569.569570 0.10161582921127121
1573.073073 0.10172560444193357
1576.576577 0.10168378561751155
1580.080080 0.10177897876730693
1583.583584 0.10233618995095616
1587.087087 0.10363443566558267
1590.590591 0.10580604920845843
1594.094094 0.10876331810323081
1597.597598 0.11219018861319512
1601.101101 0.11560873586372519
1604.604605 0.11849764692429095
1608.108108 0.1204198572182813
1611.611612 0.12111730837371167
1615.115115 0.12054934598390003
1618.618619 0.11887583853664541
1622.122122 0.1164039922579771
1625.625626 0.11352237043214179
1629.129129 0.11063863842379983
1632.632633 0.10812670779212297
1636.136136 0.10628210758019765
1639.639640 0.10528483292154175
1643.143143 0.10517405382996972
1646.646647 0.10584314270321814
1650.150150 0.10706185707940859
1653.653654 0.10852482335227882
1657.157157 0.10991568679329083
1660.660661 0.11097000302080048
1664.164164 0.11152072094471036
1667.667668 0.11151739206748038
1671.171171 0.11101991865684292
1674.674675 0.11017474434577201
1678.178178 0.10918304828036209
1681.681682 0.10826743562859167
1685.185185 0.10763919490508111
1688.688689 0.10746600282739069
1692.192192 0.10784145117050253
1695.695696 0.10876147388785547
1699.199199 0.11011542111184448
1702.702703 0.11169837928441696
1706.206206 0.11324591394294067
1709.709710 0.11448491841588837
1713.213213 0.11518826318329682
1716.716717 0.11521934559763929
1720.220220 0.1145560847547458
1723.723724 0.11329060489792829
1727.227227 0.11160773784547615
1730.730731 0.10974991058967777
1734.234234 0.10797698280091071
1737.737738 0.10652796668986178
1741.241241 0.10558904151142245
1744.744745 0.10527035903570443
1748.248248 0.10559329331173092
1751.751752 0.10648948103747966
1755.255255 0.10781232746801109
1758.758759 0.10936010313952899
1762.262262 0.11090756684960583
1765.765766 0.1122410269953065
1769.269269 0.11319074896658535
1772.772773 0.11365505117249826
1776.276276 0.11361214325511089
1779.779780 0.11311819154681961
1783.283283 0.11229262909771705
1786.786787 0.11129390102550123
1790.290290 0.11029037209779635
1793.793794 0.10943182740912577
1797.297297 0.10882670453921958
1800.800801 0.10852885413139285
1804.304304 0.10853544555502358
1807.807808 0.1087951495355219
1811.311311 0.10922365615482232
1814.814815 0.10972251493358487
1818.318318 0.11019739134690767
1821.821822 0.11057281503019747
1825.325325 0.1108017675679568
1828.828829 0.11086952128214891
1832.332332 0.11079184019728058
1835.835836 0.11060817920936411
1839.339339 0.11037114304724674
1842.842843 0.11013424428291715
1846.346346 0.10994063390015071
1849.849850 0.1098154984959137
1853.353353 0.10976393363038187
1856.856857 0.10977447809708538
1860.360360 0.10982673563893169
1863.863864 0.10990034759706667
1867.367367 0.1099824462034311
1870.870871 0.11007152406712066
1874.374374 0.11017690095834509
1877.877878 0.11031410842130428
1881.381381 0.11049729478455005
1884.884885 0.11073028412825481
1888.388388 0.11099841615535369
1891.891892 0.1112637257809926
1895.395395 0.1114660059488672
1898.898899 0.11153134056609182
1902.402402 0.11138767412953021
1905.905906 0.11098447732913372
1909.409409 0.11031169189459848
1912.912913 0.10941290949784807
1916.416416 0.10838934157431103
1919.919920 0.10739365844426903
1923.423423 0.10661473132341488
1926.926927 0.10625470058643265
1930.430430 0.10649899098038171
1933.933934 0.10747960529648563
1937.437437 0.10923411834267442
1940.940941 0.11166760246945716
1944.444444 0.11453004099683617
1947.947948 0.11742354010138727
1951.451451 0.11984824173075097
1954.954955 0.12128307019950776
1958.458458 0.12128200667570668
1961.961962 0.11955669427751751
1965.465465 0.11601939629731124
1968.968969 0.11077854526569789
1972.472472 0.10410564407324513
1975.975976 0.096413468295669366
1979.479479 0.088287016495530071
1982.982983 0.080583623089831954
1986.486486 0.074573592571452726
1989.989990 0.072047084230866934
1993.493493 0.075291543128251398
1996.996997 0.086864853960048588
2000.500501 0.10915342872805257
2004.004004 0.14379167792511099
2007.507508 0.19109538256482081
2011.011011 0.24969176521405145
2014.514515 0.31649449996833884
2018.018018 0.38707893088873513
2021.521522 0.45639224541506929
2025.025025 0.51962856258312606
2028.528529 0.57304784317799784
2032.032032 0.61453747303764117
2035.535536 0.64379654624093896
2039.039039 0.66213381240629265
2042.542543 0.67197174220742029
2046.046046 0.67621011907057915
2049.549550 0.67761070733105722
2053.053053 0.67832792422649868
2056.556557 0.67965040174768176
2060.060060 0.68195844011363516
2063.563564 0.68485896883106989
2067.067067 0.68743790748870026
2070.570571 0.68856582069475347
2074.074074 0.68719897609105229
2077.577578 0.68262844975092352
2081.081081 0.67464267511163623
2084.584585 0.66358425092334672
2088.088088 0.65030004689316367
2091.591592 0.63600243063847195
2095.095095 0.62207440460226793
2098.598599 0.60985832182850952
2102.102102 0.60046508604022752
2105.605606 0.59463055977730872
2109.109109 0.59263311759853043
2112.612613 0.59427558884360532
2116.116116 0.5989283541391125
2119.619620 0.60562693754348029
2123.123123 0.61321408820122525
2126.626627 0.62051081241600148
2130.130130 0.62649352457225072
2133.633634 0.63044862585530992
2137.137137 0.63207550022876713
2140.640641 0.63151654532793944
2144.144144 0.62930740309335098
2147.647648 0.62625776426886937
2151.151151 0.62328751857045761
2154.654655 0.62125051078894167
2158.158158 0.62077769113504144
2161.661662 0.62216490284228709
2165.165165 0.62532114663968474
2168.668669 0.62978349133271139
2172.172172 0.63479578824135474
2175.675676 0.63943966470612768
2179.179179 0.64279771092838356
2182.682683 0.64412146435345508
2186.186186 0.64297325616372647
2189.689690 0.63931384232878563
2193.193193 0.63351789174622875
2196.696697 0.62631484551563776
2200.200200 0.61866889373967737
2203.703704 0.61162372775614315
2207.207207 0.60614196433219547
2210.710711 0.60296561184798769
2214.214214 0.60251558826947549
2217.717718 0.60483924665425459
2221.221221 0.60960815940197
2224.724725 0.61616456883952653
2228.228228 0.62361214887127769
2231.731732 0.63094265776177894
2235.235235 0.63718374085394436
2238.738739 0.64154610580506599
2242.242242 0.64354398470660112
2245.745746 0.64306462259102426
2249.249249 0.64037171864795461
2252.752753 0.63604228371238047
2256.256256 0.63085168257437585
2259.759760 0.62563260336638149
2263.263263 0.62113704273723058
2266.766767 0.61792596822625157
2270.270270 0.61630184636435359
2273.773774 0.61628868658157043
2277.277277 0.61765589050857428
2280.780781 0.61997725494146139
2284.284284 0.62271422414344102
2287.787788 0.62531133063904754
2291.291291 0.62729062935650604
2294.794795 0.62833104387985061
2298.298298 0.62831919371615952
2301.801802 0.62736179004065973
2305.305305 0.62575634856880902
2308.808809 0.6239255015895252
2312.312312 0.6223281975425391
2315.815816 0.62136608458282327
2319.319319 0.62130392754201613
2322.822823 0.62221910328836127
2326.326326 0.62398848769872528
2329.829830 0.62631338943694959
2333.333333 0.62877635035717772
2336.836837 0.6309186504786517
2340.340340 0.63232456280099503
2343.843844 0.63269776919470389
2347.347347 0.63191678702929577
2350.850851 0.63005968611687835
2354.354354 0.62739353459897418
2357.857858 0.62433022616568512
2361.361361 0.62135648651490039
2364.864865 0.61895061826796172
2368.368368 0.61750084943708416
2371.871872 0.61723955574629286
2375.375375 0.61820443043032103
2378.878879 0.62023273079955898
2382.382382 0.62298908905099704
2385.885886 0.62602196472763405
2389.389389 0.62883931918923397
2392.892893 0.63099099974633455
2396.396396 0.63214404274538916
2399.899900 0.63213797779896153
2403.403403 0.63101035872535172
2406.906907 0.62898785240065747
2410.410410 0.62644444097928298
2413.913914 0.62383437697756305
2417.417417 0.62161214230991679
2420.920921 0.62015381358392763
2424.424424 0.619693578692317
2427.927928 0.62028601780683712
2431.431431 0.62179996944578797
2434.934935 0.62394433250730785
2438.438438 0.62632090493871295
2441.941942 0.62849503495876147
2445.445445 0.63007199834997829
2448.948949 0.63076602649480984
2452.452452 0.63045004710709396
2455.955956 0.62917743471582688
2459.459459 0.62717196341356252
2462.962963 0.62478784790236563
2466.466466 0.62244712634772559
2469.969970 0.62056559447763415
2473.473473 0.6194803057100241
2476.976977 0.61939108931407372
2480.480480 0.62032588876777717
2483.983984 0.62213559011095121
2487.487487 0.62451911502330326
2490.990991 0.62707459916755748
2494.494494 0.62936812533744402
2497.997998 0.63100837442461144
2501.501502 0.63171428413041308
2505.005005 0.63136376803080996
2508.508509 0.63001476725796823
2512.012012 0.62789488672534099
2515.515516 0.62536162852545996
2519.019019 0.62284055625340395
2522.522523 0.62075250211667543
2526.026026 0.61944249536937446
2529.529530 0.61912234825380175
2533.033033 0.61983617093946597
2536.536537 0.6214541420514379
2540.040040 0.62369530712424648
2543.543544 0.62617560376519954
2547.047047 0.62847325199485438
2550.550551 0.63020064717268198
2554.054054 0.63107051141333204
2557.557558 0.63094474127668165
2561.061061 0.62985724576903968
2564.564565 0.6280067052973537
2568.068068 0.6257207023898772
2571.571572 0.62339789827118985
2575.075075 0.62143874681627309
2578.578579 0.62017694169732362
2582.082082 0.61982323492870539
2585.585586 0.62043078941441687
2589.089089 0.62188745401607604
2592.592593 0.62393594456461843
2596.096096 0.62621847266582342
2599.599600 0.62833841641654498
2603.103103 0.62992870178446647
2606.606607 0.6307151911743718
2610.110110 0.63056397319366664
2613.613614 0.6295041189956847
2617.117117 0.6277218469954664
2620.620621 0.62552727741713221
2624.124124 0.62329994884729933
2627.627628 0.62142295979479611
2631.131131 0.62021730986095569
2634.634635 0.61988758941625588
2638.138138 0.62048790806816645
2641.641642 0.62191342703064512
2645.145145 0.62391868642807669
2648.648649 0.6261596540604274
2652.152152 0.62825257710991489
2655.655656 0.62983981302059311
2659.159159 0.63065138177596258
2662.662663 0.63055144501792393
2666.166166 0.62956140229519508
2669.669670 0.62785546403387493
2673.173173 0.62572961144405925
2676.676677 0.62354970962572631
2680.180180 0.62168817426774159
2683.683684 0.62046033003388001
2687.187187 0.62007126929625334
2690.690691 0.6205819050832907
2694.194194 0.62189955422123766
2697.697698 0.62379438248808439
2701.201201 0.62593893306451009
2704.704705 0.62796423241047894
2708.208208 0.62952312119353504
2711.711712 0.63035000234639038
2715.215215 0.63030655063436092
2718.718719 0.62940522544343791
2722.222222 0.62780637078420587
2725.725726 0.62578952344415406
2729.229229 0.62370425740032787
2732.732733 0.62190947490700699
2736.236236 0.62071184062527551
2739.739740 0.62031385048601595
2743.243243 0.62078007612641994
2746.746747 0.62202693547592924
2750.250250 0.6238374835575784
2753.753754 0.62589872337586594
2757.257257 0.62785528886565145
2760.760761 0.62937054003903814
2764.264264 0.63018463419425019
2767.767768 0.63015940513824986
2771.271271 0.62930203610346469
2774.774775 0.6277632737119424
2778.278278 0.62581058762775388
2781.781782 0.62378125114760052
2785.285285 0.62202383825032925
2788.788789 0.62083844127313315
2792.292292 0.62042580372481559
2795.795796 0.62085375191513081
2799.299299 0.62204627313461791
2802.802803 0.62379687506728365
2806.306306 0.6258039824839583
2809.809810 0.62772255537965493
2813.313313 0.62922332748534704
2816.816817 0.63004955688919606
2820.320320 0.63006135828946475
2823.823824 0.62925970086056904
2827.327327 0.62778575420472005
2830.830831 0.62589577017412834
2834.334334 0.62391615274216139
2837.837838 0.62218685016927833
2841.341341 0.62100304527317318
2844.844845 0.62056509929366388
2848.348348 0.62094501540074498
2851.851852 0.62207478118860482
2855.355355 0.62375835563136572
2858.858859 0.62570528493155153
2862.362362 0.62758042662657609
2865.865866 0.62906150192594634
2869.369369 0.62989466375321512
2872.872873 0.6299383649706416
2876.376376 0.62918769774144845
2879.879880 0.6277748217783663
2883.383383 0.6259454630661544
2886.886887 0.62401583135704319
2890.390390 0.62231775433508407
2893.893894 0.62114170314870465
2897.397397 0.62068745161632244
2900.900901 0.62103053814902365
2904.404404 0.62210991318092579
2907.907908 0.62373866847276482
2911.411411 0.62563604780089022
2914.914915 0.62747548743048831
2918.418418 0.6289406917958642
2921.921922 0.62978018895343568
2925.425425 0.62985083173915979
2928.928929 0.62914248212258728
2932.432432 0.627779429594015
2935.935936 0.62599833568360019
2939.439439 0.62410678046466583
2942.942943 0.62242991116444346
2946.446446 0.62125460372821273
2949.949950 0.62078069556886062
2953.453453 0.62108737881408393
2956.956957 0.62212016516072333
2960.460460 0.62370044351368936
2963.963964 0.62555603006885918
2967.467467 0.62736770643863948
2970.970971 0.62882400992557708
2974.474474 0.62967494858955375
2977.977978 0.62977526118213478
2981.481481 0.6291095052656982
2984.984985 0.62779444795930195
2988.488488 0.62605836638895884
2991.991992 0.62420107925755219
2995.495495 0.62254193975360483
2998.998999 0.62136496858928736
3002.502503 0.62087053060053998
3006.006006 0.62114158592572621
3009.509510 0.62212996560939693
3013.013013 0.62366481613818259
3016.516517 0.62548180035062995
3020.020020 0.62726827667034557
3023.523524 0.62871695352805401
3027.027027 0.62957889288094693
3030.530531 0.62970661390273253
3034.034034 0.62907961077473007
3037.537538 0.62780767831191941
3041.041041 0.62611147488051344
3044.544545 0.62428390702733694
3048.048048 0.62263931990521759
3051.551552 0.6214594656325072
3055.055055 0.62094552081216337
3058.558559 0.62118414238434605
3062.062062 0.62213305877119385
3065.565566 0.6236284636819357
3069.069069 0.62541297859236389
3072.572573 0.62717961515660059
3076.076076 0.62862444426638275
3079.579580 0.62949902142711456
3083.083083 0.6296534268726065
3086.586587 0.62906224796297006
3090.090090 0.62782881040377769
3093.593594 0.62616691577918837
3097.097097 0.62436344939484023
3100.600601 0.62272862010734253
3104.104104 0.62154262342336841
3107.607608 0.62100788983288102
3111.111111 0.6212148822117709
3114.614615 0.62212699458914877
3118.118118 0.62358694211681465
3121.621622 0.62534357844162036
3125.125125 0.62709476588251856
3128.628629 0.62853919484961374
3132.132132 0.6294283554890715
3135.635636 0.62960960607987471
3139.139139 0.62905266324514963
3142.642643 0.62785472579451285
3146.146146 0.62622332057895813
3149.649650 0.62444002665775622
3153.153153 0.62281163690207431
3156.656657 0.62161739027746343
3160.160160 0.62106134889852893
3163.663664 0.62123787477125658
3167.167167 0.62211582312086278
3170.670671 0.6235439658782409
3174.174174 0.62527674515435405
3177.677678 0.62701616282110806
3181.181181 0.6284628737947513
3184.684685 0.62936781825189225
3188.188188 0.62957540330181494
3191.691692 0.62905054135705418
3195.195195 0.62788465496084822
3198.698699 0.62627956968356746
3202.202202 0.62451225522128095
3205.705706 0.62288678943492914
3209.209209 0.62168204150771444
3212.712713 0.62110408024546238
3216.216216 0.62125126895097083
3219.719720 0.62209773748013752
3223.223223 0.62349787076183538
3226.726727 0.62521107210609062
3230.230230 0.62694277653808816
3233.733734 0.6283949361672807
3237.237237 0.62931742537825286
3240.740741 0.62955142286699151
3244.244244 0.62905704430539311
3247.747748 0.62792022488898425
3251.251251 0.62633760733481347
3254.754755 0.62458220910418349
3258.258258 0.62295607591374802
3261.761762 0.62173830067237146
3265.265265 0.621137365218006
3268.768769 0.62125578835688644
3272.272272 0.62207285415060509
3275.775776 0.62344818825769477
3279.279279 0.62514559513902634
3282.782783 0.62687329023665272
3286.286286 0.62833388824980918
3289.789790 0.62927568946251078
3293.293293 0.6295363489962047
3296.796797 0.62907115380036294
3300.300300 0.62796078698817392
3303.803804 0.62639716836030845
3307.307307 0.62464996655684268
3310.810811 0.6230198371910699
3314.314314 0.62178666775414104
3317.817818 0.62116175674031338
3321.321321 0.62125194811684437
3324.824825 0.62204158863435455
3328.328328 0.62339520812946736
3331.831832 0.62508048734281629
3335.335335 0.62680779728138114
3338.838839 0.62827979623249675
3342.342342 0.62924270301960183
3345.845846 0.62953034095215732
3349.349349 0.62909311260714051
3352.852853 0.62800665551109103
3356.356356 0.62645859902149981
3359.859860 0.62471584625318388
3363.363363 0.62307829650532576
3366.866867 0.62182720851192763
3370.370370 0.62117712041179018
3373.873874 0.62123940084431872
3377.377377 0.62200340295262435
3380.880881 0.62333825846614688
3384.384384 0.62501502641356521
3387.887888 0.62674562263730493
3391.391391 0.62823212814301099
3394.894895 0.62921815471735276
3398.398398 0.62953335377314279
3401.901902 0.62912314773343925
3405.405405 0.62805829357285536
3408.908909 0.62652252708381284
3412.412412 0.62478054547696671
3415.915916 0.6231321176012472
3419.419419 0.62186045893691455
3422.922923 0.62118379403450952
3426.426426 0.62121825017529564
3429.929930 0.62195816981417551
3433.433433 0.62327702163266518
3436.936937 0.62494877414751238
3440.440440 0.62668629344994375
3443.943944 0.62819046285901103
3447.447447 0.62920174652068406
3450.950951 0.62954525639201586
3454.454454 0.62916130441252049
3457.957958 0.62811589707564097
3461.461461 0.62658924472458744
3464.964965 0.62484438100751671
3468.468468 0.62318156736398311
3471.971972 0.6218865733603941
3475.475475 0.62118178073356789
3478.978979 0.62118834090854891
3482.482482 0.6219056016723451
3485.985986 0.62321113214050605
3489.489489 0.62488135979083748
3492.992993 0.62662951079138418
3496.496496 0.62815463973289254
3500.000000 0.62919349849483786
