0 0 0 0.075145789829079199 0.48255116281027988 0.075113554959451781 0.48257737194050732 -0.011167262106452421 -0.071728273067786397
1 -1 0 -0.023772115516641955 0.067509361126455267 -0.023745145022152987 0.067491394716003891 0.0036247486190018317 -0.010298118851878046
2 1 0 -0.02623379435829707 0.066583971859242544 -0.026204093801668889 0.066556600705618349 0.0037943696514787756 -0.009634053720149546
3 -2 0 0.020019922488995059 -0.061317822748968 0.020004841295534138 -0.061313642135219337 -0.003131827478816609 0.0095954111249066526
4 2 0 0.024470343436610885 -0.059679705641650246 0.024450311038321508 -0.059658089193010549 -0.003444086645847133 0.0084016634185682636
5 -3 0 -0.015275071582543346 0.051426709592410288 -0.015275737947808371 0.05143888243784768 0.0024505476451482612 -0.008251017626486841
6 3 0 -0.020858348085172961 0.049451035172848046 -0.020852791484978397 0.049440334661268445 0.0028550034482374164 -0.0067688345249006295
7 -4 0 0.010201714228489835 -0.038954268001977752 0.010218248737587476 -0.038981544097239029 -0.0016780128090569549 0.0064046626195337127
8 4 0 0.015842144770455532 -0.037090337362389265 0.015852436653152131 -0.03709281742814205 -0.0021075954253333713 0.0049327917791792105
9 -5 0 -0.0054511435513459059 0.025303645542677264 -0.0054798227229125541 0.02534093008687124 0.0009195962473361281 -0.0042615362890910868
10 5 0 -0.010058880688658482 0.02396931195356259 -0.010082648702052981 0.02398388832849329 0.0013002271332364125 -0.0030951898847045686
11 -6 0 0.001557334625314524 -0.011970693067127903 0.0015913983712645017 -0.012009895752130377 -0.00027079546294882868 0.0020649318368855404
12 6 0 0.0042377960488675509 -0.011454720645207446 0.0042694758780469641 -0.011477284814051792 -0.00053286809019816169 0.0014356569123438149
13 -7 0 0.001141634501610974 0.00033875582207828667 0.00111042456777091 0.00037039517676039867 -0.00019884181095920929 -6.2049071541278071e-05
14 7 0 0.00091443420390566633 0.00073438073337669886 0.00088231190899254897 0.0007588216583678352 -0.0001085294658749623 -9.0887414150596385e-05
15 -8 0 -0.002542742580857934 0.0085080608436024722 -0.0025221405707300088 0.00849278587990639 0.0004565900782466341 -0.0015317574811569677
16 8 0 -0.0048223553782630818 0.0073225363935531399 -0.004797437422899409 0.0073028451540988878 0.00056428978298072175 -0.00085819555797910971
17 -9 0 0.0027720483502575795 -0.013924146354403349 0.0027674149959168331 -0.013931227470954984 -0.00051008882657816552 0.0025644665364833031
18 9 0 0.0071258877050553848 -0.012253156221588131 0.0071142218702905007 -0.012243739255880542 -0.00080798883262507744 0.0013901480066769104
19 -10 0 -0.0021367276734865675 0.015772550681186093 -0.0021496410226756382 0.015803443380014874 0.00040290019640438162 -0.0029692576377931997
20 10 0 -0.0077262303143306229 0.014027311758369 -0.0077308435403692418 0.014031212351378828 0.00084731205317380739 -0.0015380005179723949
21 -11 0 0.0010464142377261975 -0.01441564780878286 0.001074163847514076 -0.014466368099683017 -0.00020307398554123828 0.0027728517764882619
22 11 0 0.0067868585997027777 -0.013012914352440976 0.0068070156646128496 -0.013029874004014477 -0.0007191289074123527 0.0013772274083953553
23 -12 0 7.910307050299681e-05 0.010629042509818443 4.2972018313395181e-05 0.010690380892571153 -1.2812446151323441e-05 -0.0020886486443980551
24 12 0 -0.0046910455555459083 0.0098892660439960506 -0.0047223633473277744 0.0099156657972419363 0.00048013997090763172 -0.0010092528197072081
25 -13 0 -0.00089655992174723063 -0.0054543216510167056 -0.00086073769987733619 -0.005513265610319288 0.00017669484366010656 0.0010956238435006675
26 13 0 0.0019649202032849069 -0.0055242131099956706 0.0020003214998241398 -0.0055538131762261026 -0.00019514441022736235 0.00054344840772490568
27 -14 0 0.0012027938392929036 1.6509958354604131e-05 0.0011760662739918929 5.8718920398861553e-05 -0.00024345032427230265 -6.5234933190694604e-06
28 14 0 0.00081920171306199799 0.00083520409774880382 0.00078790085533653176 0.0008605385683605845 -7.4767912004760677e-05 -8.0472156637824644e-05
29 -15 0 -0.0009631411722415313 0.0046621430126866483 -0.00095213646856506177 0.0046492151011541848 0.00019957908790588187 -0.00096909097059728465
30 15 0 -0.0031415908136478302 0.0033447034830548124 -0.0031218122315613502 0.0033305741483108261 0.0002819898679570352 -0.00030073484285999017
31 -16 0 0.00030044043207380302 -0.0078202650052804062 0.00030784703650099931 -0.0078442040452395296 -6.4273022561970886e-05 0.001660352347628965
32 16 0 0.0046187257783796131 -0.0063769823752190865 0.004615400499352721 -0.0063787519545048669 -0.00039859865188676571 0.00055080865622375011
33 -17 0 0.00055093196489562862 0.0090611379946330499 0.00052717167215260473 0.0091220666611089175 -0.00011728152301043459 -0.0019627319421586169
34 17 0 -0.0050579518617396612 0.0078897642729568365 -0.0050723286735834486 0.0079085951873344856 0.00041825877043072022 -0.00065216424460062307
35 -18 0 -0.0013140230056987712 -0.0083862479300939857 -0.001280259080495212 -0.0084756545885029833 0.0002867348876073422 0.0018528097919215461
36 18 0 0.0044751467577527791 -0.007804309533651404 0.0045044205741792773 -0.0078373020251124234 -0.0003539735744296751 0.00061596406429433764
37 -19 0 0.0017444892820339258 0.0061558673260781651 0.0017096863702986871 0.0062572460229809558 -0.000388459672962866 -0.0013875771746182045
38 19 0 -0.003074350561714909 0.0063153865834572305 -0.0031122121823398386 0.0063559679501717457 0.00023259637094303067 -0.00047504697440430818
39 -20 0 -0.0016942376922807958 -0.002987460110856109 -0.0016674541952891291 -0.0030789093756713485 0.00038464845958877895 0.00068865115278665321
40 20 0 0.0011951931189675851 -0.0038319681904331318 0.0012331941647697154 -0.0038711667060122778 -8.7528128405113046e-05 0.00027450346303478011
41 -21 0 0.0011487819632153764 -0.00038600100380503947 0.0011364681986819503 -0.00032749785755697812 -0.00026590677487437668 8.5268205668169748e-05
42 21 0 0.00076052734541351657 0.0008901400281978157 0.00073108876650856199 0.0009185049808535594 -4.8781446238023684e-05 -6.1751110133515194e-05
43 -22 0 -0.00022996284954346206 0.0032688377733286426 -0.00023387000918095464 0.0032621682798739567 5.464165130518564e-05 -0.00077204091377588015
44 22 0 -0.002408549408029629 0.0019464714770671169 -0.0023946421326478825 0.0019367027834031609 0.00015105689979872039 -0.00012218576836954035
45 -23 0 -0.0008360229866657599 -0.0051365151322372328 -0.00081961083770852551 -0.0051913028141520315 0.00019975264890211665 0.0012389684853120666
46 23 0 0.0034531675621935179 -0.0041825028739111824 0.003458392159932966 -0.0041954702626552228 -0.00020509084750817134 0.00024889972838264377
47 -24 0 0.0017770355697184711 0.005725319471191816 0.0017563336066491707 0.0058381433000887877 -0.00043290639930088776 -0.0014082487339012874
48 24 0 -0.0037369598960771224 0.0054681868225732507 -0.0037606468580023218 0.0055031607058599746 0.00020884097864115519 -0.00030561428095862188
49 -25 0 -0.0023452204160117861 -0.0050624657734944572 -0.0023302971837631512 -0.0052155858960985521 0.00058184557732950581 0.0012699309590751154
50 25 0 0.0032612074041815449 -0.0056472076550163394 0.0032984714345629649 -0.0056983604851557389 -0.00017088141166574116 0.00029491201332564304
51 -26 0 0.0023815078300049174 0.0034339659549891574 0.002380556583368886 0.0035973172849849979 -0.0006016793936226188 -0.00087997830842394297
52 26 0 -0.0021748625754534471 0.0047692747535377136 -0.0022176215625990107 0.0048265922385111217 0.0001068827236993534 -0.00023168165329130158
53 -27 0 -0.0018581198950171757 -0.0013005833914727354 -0.0018737031213256435 -0.0014371419167028331 0.00047831220427234497 0.00034425744070272967
54 27 0 0.00073594111571095584 -0.0030674773189902534 0.00077468729252835389 -0.003118683309014319 -3.5123913539223288e-05 0.0001382219320336137
55 -28 0 0.00088808259345721371 -0.0008172778274483924 0.0009146400675946201 -0.00074347157960523403 -0.00023370678160908624 0.00020766804941306627
56 28 0 0.000745763948013224 0.00090610151225789732 0.00071983043413896422 0.00093923527800963773 -2.7876150103596032e-05 -3.8663304241486292e-05
57 -29 0 0.00030119925011808145 0.0024590648155843747 0.00027739826753811768 0.002473758900419475 -7.8032566985677051e-05 -0.00065284402548820137
58 29 0 -0.001972621549091265 0.0012908997890927912 -0.0019655780284782024 0.0012847847428008685 7.0675844693911209e-05 -4.6139177669526159e-05
59 -30 0 -0.0014242671784890808 -0.0033213409530020717 -0.0014220485687855599 -0.0034319480500993173 0.00038320763947744988 0.00090236735564970549
60 30 0 0.0027170288660336396 -0.0031178660347263415 0.0027307985867815279 -0.0031424748600314936 -8.8584993141332157e-05 0.000102307098871867
61 -31 0 0.0022100611352850598 0.0033121511674962445 0.0022473125646731771 0.0035029997619617287 -0.00060687703935287428 -0.00091970908051749968
62 31 0 -0.0028622460583578565 0.0042583396623670569 -0.0028940890658699773 0.0043109087816673962 8.3539779890734838e-05 -0.00012467265687001025
63 -32 0 -0.0024721704364401831 -0.0025522721550804159 -0.002558048058226502 -0.002785232451921112 0.00069248398448522634 0.00072583204428322025
64 32 0 0.0024190536627562102 -0.0045371085985367217 0.002462113833648521 -0.0046085197267413582 -6.2447972993055897e-05 0.00011643171804953634
65 -33 0 0.0021584290671302232 0.0013257681816239415 0.0022859801587710336 0.0015472829920668636 -0.00061758991483253848 -0.00039017503776408871
66 33 0 -0.00151613955403787 0.0039451296759748546 -0.0015609407161690637 0.0040214331031803016 3.4596747079703675e-05 -8.7034655486328201e-05
67 -34 0 -0.001365936001863931 5.7595839020860163e-06 -0.0015079389820947312 -0.00014827231850316307 0.0004011954085012172 1.0019089119285892e-05
68 34 0 0.00036739287544908066 -0.002633952132762591 0.00040395616770961347 -0.0026990607202276879 -8.8704464734861996e-06 4.8968246269123871e-05
69 -35 0 0.00031591563190116139 -0.0011022700047665875 0.00042671000101488659 -0.0010577265572207265 -0.0001000250528778381 0.0003163225100075431
70 35 0 0.00077626697554062057 0.00088160975870834322 0.00075616142873264106 0.00092065162448812092 -8.5092201935992204e-06 -1.4258544309443934e-05
71 -36 0 0.00070681598775364208 0.0017316001193796921 0.0006816780659923313 0.0018086562949192044 -0.00020606932532946109 -0.00051535855217518789
72 36 0 -0.0016801188604738254 0.00096312434845349023 -0.0016810441584671741 0.00096048478047643419 1.521021875207012e-05 -8.4837781647188413e-06
73 -37 0 -0.0014349535986645442 -0.0018200081784887523 -0.001541421950883893 -0.0019912650654454419 0.00043636502020393057 0.00055620899098147644
74 37 0 0.0021729129542145289 -0.0025475621467170779 0.0021947214764602343 -0.0025845630669493287 -1.2783648148333333e-05 1.58371068405876e-05
75 -38 0 0.0016981250333788559 0.0014530133468559042 0.0019520307269919276 0.0016540411507753731 -0.00053330992591758808 -0.00045509731166881506
76 38 0 -0.0021788043800995828 0.0035806718105253843 -0.0022166258927138194 0.0036522619321198249 5.5579565045757187e-06 -9.8350642240842788e-06
77 -39 0 -0.0014756181975576128 -0.00082621383146768953 -0.0018439077804236195 -0.00097419891736722549 0.00048093940944058614 0.00026485410909547091
78 39 0 0.0017280406376859276 -0.0038854890573394598 0.0017733658753053996 -0.0039788534149707167 1.1545289273309046e-06 -3.2314507093979938e-06
79 -40 0 0.00090099438258493879 0.00016177366826140778 0.0012966142371436877 0.00018946945019449507 -0.00031050719375932571 -5.245206113516827e-05
80 40 0 -0.00094507135701420099 0.0034290161144321317 -0.00098768274211286458 0.0035258161611875566 -2.9735506281909888e-06 1.5087388874083542e-05
81 -41 0 -0.00020892865600113101 0.00037843566134427122 -0.0005108187115399395 0.00048323835906968255 8.8916357291267346e-05 -0.00012737072539746198
82 41 0 1.7463875215073289e-05 -0.0023244890514033563 4.7774981943742504e-05 -0.0024044401707650253 -2.0732574211728923e-06 -1.8187568903462188e-05
83 -42 0 -0.00036376233193431413 -0.00074317903874441529 -0.00026121091673470985 -0.00091374671144702467 0.00010849064043910053 0.00025064314881609648
84 42 0 0.00084710810751109221 0.00080604933994337714 0.00083584346404788103 0.00085114515725387874 1.2925613950649264e-05 8.1461675494933136e-06
85 -43 0 0.00068170117558463814 0.00097403385172192066 0.00080484202019161829 0.001083033816011749 -0.00023030659876663409 -0.00032395679398736059
86 43 0 -0.001466268268977686 0.00081900457822303046 -0.001476392688717437 0.0008204938938480695 -2.5871453965902935e-05 1.4760933751411066e-05
87 -44 0 -0.00075701899924188805 -0.0011247303553316879 -0.0010164073576709998 -0.0010556206517259707 0.00026840001011150155 0.00036403410387462326
88 44 0 0.0017209887035827568 -0.0022310359734236604 0.0017498943827301775 -0.0022816675478512689 3.5796749377327167e-05 -4.5425958103386836e-05
89 -45 0 0.00069659100459038665 0.0011795443972586492 0.00092519430481364942 0.00091602583761247417 -0.00024923589773398036 -0.00037225581428357632
90 45 0 -0.0015783957943307505 0.0031601898349730593 -0.0016191316128812033 0.0032522437244292979 -3.7919271098349384e-05 7.5138459449704693e-05
91 -46 0 -0.00058721229276502917 -0.0010538826814613213 -0.00065119460688292175 -0.0007090119060500289 0.00020280589772962536 0.00032877264047539013
92 46 0 0.0010949281906292953 -0.0034378552385307595 0.0011378292514558843 -0.0035543651099133352 2.9481682365414269e-05 -9.3922126232345662e-05
93 -47 0 0.00042631067447370226 0.00068904079879370656 0.00032234090732078969 0.00042477716536229291 -0.00013756305016213879 -0.00021496458646579305
94 47 0 -0.00039980340436163012 0.0030276108672934476 -0.00043476978472296678 0.0031454329290727771 -1.0885899986263059e-05 9.3392603776187619e-05
95 -48 0 -0.00016488881440206179 -0.00014427430985260387 -4.4981535519810718e-06 -4.3183177309223141e-05 4.470041637069596e-05 4.2124187723988737e-05
96 48 0 -0.00033696776662827651 -0.0020298068470023692 -0.00031807393817806224 -0.002124186709957095 -1.4097499918435288e-05 -6.9392606157299392e-05
97 -49 0 -0.00019679203246379348 -0.00041385397383138255 -0.00030232418343626653 -0.00039724038026144124 7.7012446907167916e-05 0.00014362879494032367
98 49 0 0.00094449662265374016 0.00065910565981493912 0.00094590195318970986 0.00070885135429040575 3.9153209325683742e-05 2.3684045259530629e-05
99 -50 0 0.00056957990367252197 0.00080956522039650751 0.0006000614213045334 0.00077774749505616345 -0.00020428197265856012 -0.00028457376985060366
100 50 0 -0.0012897579879259523 0.00080036577212248188 -0.0013107454694713313 0.00080817532325135662 -5.7091162259481736e-05 3.5817448012372812e-05
101 -51 0 -0.00082137357442021563 -0.00094901068626659793 -0.00083395853243434682 -0.00096228086657000394 0.00029580486568613621 0.00034167354990721402
102 51 0 0.0013065038473341795 -0.0020531620325850782 0.0013415573447396641 -0.0021199630184112459 6.1921732209340542e-05 -9.6434691168614101e-05
103 -52 0 0.00085437034065067175 0.00084504075633108102 0.00090848701776137584 0.0008890173284278256 -0.00031463989769760919 -0.00031046790690535819
104 52 0 -0.0010080609301360351 0.0028522200630040585 -0.0010481726531742725 0.00296701155986402 -5.0754991882073541e-05 0.00014350974778156537
105 -53 0 -0.00065556713139395292 -0.00058387084442431466 -0.00075907472614231478 -0.00060647502275817803 0.00024913146088159367 0.00021651450181208397
106 53 0 0.00048146759620754022 -0.0030480626041238836 0.00051631884275288916 -0.0031890441655731943 2.4958911416066327e-05 -0.00016396403064980087
107 -54 0 0.00029949382999085416 0.00026950221905557595 0.00040851504261598195 0.00023499240569728886 -0.00011992749744872513 -9.7670280228235275e-05
108 54 0 0.00013531633997508852 0.002617580723508291 0.00011480459195976732 0.0027561769274383392 9.8134141930243565e-06 0.00014978719246662754
109 -55 0 8.9206302084290524e-05 2.2567550612553814e-05 3.4104844628541496e-05 0.00010372113267461835 -2.9348943138397696e-05 -1.4781779958607282e-05
110 55 0 -0.00068754458047289935 -0.0016666386540037485 -0.00068689541233321887 -0.0017731932600063254 -4.4823074610095968e-05 -0.00010056103713121602
111 -56 0 -0.00039148735180733656 -0.00026357867038990525 -0.00042355545085824857 -0.00033992171833711638 0.00015175451659941769 0.00010641370162972472
112 56 0 0.0010410337983451504 0.00040612148790091911 0.0010606987595298491 0.00045615481882002601 7.0427561229386663e-05 2.4302728246155723e-05
113 -57 0 0.00054099789380625968 0.00045829235901479311 0.0006434880686100147 0.00046852019857974265 -0.0002166713785045698 -0.00017760715439726389
114 57 0 -0.0011139306966212175 0.00089346136359603936 -0.0011489703657998067 0.0009137148256624794 -7.8708677405731395e-05 6.371886906314945e-05
115 -58 0 -0.00054058324631055027 -0.00061311737316403357 -0.00065228575136301538 -0.00052458714295211387 0.0002196898470358783 0.00023245444753782214
116 58 0 0.00089547083416872942 -0.0019592393490337782 0.00093655898455477352 -0.0020492144972780227 6.5844337629806534e-05 -0.00014405792974609525
117 -59 0 0.00044182579210775706 0.00070923068346490645 0.00048997107529669267 0.00054245163168130752 -0.00017822246090640198 -0.00026711069931966569
118 59 0 -0.00044740236956263132 0.0025730468564327744 -0.0004829742942684829 0.0027170200639628794 -3.3540441033139629e-05 0.00019743972891176392
119 -60 0 -0.00030232199578256294 -0.00070229596744008098 -0.00024631431603942843 -0.00052474503390189178 0.00011641106808161949 0.00026672988199224833
120 60 0 -0.00011213644026997666 -0.002616273004178138 -9.304861256993497e-05 -0.0027856622294036106 -1.0952846640912459e-05 -0.00020940236331787979
121 -61 0 0.00015015841703689033 0.00055281822609327621 9.3490973036732481e-06 0.00044098205606596912 -4.9698067452479418e-05 -0.00021466121459584215
122 61 0 0.00063832012797998485 0.0020930756480624412 0.00064320790996424558 0.0022515854188885549 5.6361216445918071e-05 0.00017410934516472331
123 -62 0 1.9192812688386939e-05 -0.00026653543574015786 0.00017581733898649118 -0.00025763155265174449 -2.0070213042215379e-05 0.00010823490761170642
124 62 0 -0.00099569739421167831 -0.0011271718645591334 -0.0010263442243715142 -0.0012379045301944066 -9.0148303757935314e-05 -9.6337057236903567e-05
125 -63 0 -0.00021346521707716143 -8.8496644347263968e-05 -0.00031310165677871614 -2.0165257483439322e-05 9.6018320658778015e-05 3.12363749969636e-05
126 63 0 0.0010918348363103639 -6.6891568123164297e-05 0.0011433208799404506 -3.3685763004413523e-05 0.00010185862854162508 -8.9748366570905566e-06
127 -64 0 0.00040991147660019274 0.00040696663180409969 0.00042423923607923057 0.0003279077893296676 -0.00017245510981468714 -0.00016391438153358815
128 64 0 -0.00090030655198112012 0.0012315559596362158 -0.0009615982266631104 0.0012916257913350433 -8.616622828044064e-05 0.00011965837728545734
129 -65 0 -0.00055044567582606069 -0.00059852874768723252 -0.0005070928788073214 -0.00056472596547424132 0.00022924893134233359 0.00025031992634713397
130 65 0 0.00046732904262440558 -0.0021225713756892013 0.00052346750133186373 -0.0022731628041359098 4.4763114793699108e-05 -0.00021117158228785835
131 -66 0 0.00057274923725968553 0.0006294335403796464 0.00052206171390898086 0.00064955198548645931 -0.00024078482434739012 -0.0002705667624930898
132 66 0 9.9703130267110376e-05 0.0025613887525567885 6.4164365337842082e-05 0.0027801816536595588 1.3529917614683193e-05 0.00026229130534341456
