0 0 0 0.10411401329682902 0.66729834209897132 0.022120871969825491 0.14184532160473748 0.011187090920763707 0.071702905247067059
1 -1 0 -0.036395016857487437 0.092305374892484943 -0.0077276302355883579 0.019613418155802878 -0.0037679185577999723 0.0095565469621635649
2 1 0 -0.033069153135825299 0.093572904376451341 -0.0070212145523904802 0.019884744451307796 -0.0036829374082026005 0.010421668357986231
3 -2 0 0.033871489975858871 -0.082689377926725566 0.0071941393447475929 -0.017571227081848523 0.0033741290564292818 -0.0082373361871443656
4 2 0 0.027858506923363412 -0.084926669540249994 0.0059170228677999041 -0.018050347578276772 0.0032121148656866494 -0.0097924024864908515
5 -3 0 -0.028783730734015314 0.068447138886209347 -0.0061169141540950763 0.014546942355254699 -0.0027548407802774661 0.0065509793033156037
6 3 0 -0.02123965312364259 0.07113040531132088 -0.0045146983054190582 0.015122056166643669 -0.0025325814808004154 0.0084815296905936723
7 -4 0 0.021766986814391775 -0.051250747266597521 0.0046299663129435497 -0.010895173846988352 0.0019983564709841182 -0.004705030448749585
8 4 0 0.014144875074206007 -0.05375629187555573 0.0030113134319147312 -0.011433046399222489 0.0017424316186881908 -0.0066217059455508515
9 -5 0 -0.013720637224512026 0.033020173879658582 -0.0029233907623697872 0.0070231299756376283 -0.0012062210505439754 0.0029026305862807447
10 5 0 -0.007492823026025503 0.034774280460796614 -0.0016009865335833971 0.0074010051064105032 -0.00095268458846770076 0.0044207811456793535
11 -6 0 0.0056646381453950255 -0.015663412314205215 0.0012131011340357684 -0.0033355921261414676 0.00047604925882586301 -0.0013159244900074964
12 6 0 0.0020397722234638369 -0.016279604595124349 0.00044354191233638075 -0.0034704483659368955 0.00026757596683146633 -0.0021340249412622886
13 -7 0 0.001421800426992756 0.00083222602180446636 0.00029325792078704525 0.00018317893067688515 0.00011370488207116713 6.6806417383141636e-05
14 7 0 0.0017330946166789207 0.00020247367163293199 0.00035921428964594656 5.1228634675289684e-05 0.00023381598845414816 2.7519261461218655e-05
15 -8 0 -0.0067510580669996366 0.01027254512090198 -0.0014282617332651065 0.0021789223073647112 -0.0005144128149375234 0.00078286398585936448
16 8 0 -0.0036766926356847987 0.011954970687768435 -0.00077547655147154572 0.0025372343631781952 -0.00051089362180788632 0.0016615440287871793
17 -9 0 0.0098417278335937667 -0.017021381849701367 0.0020890730535050466 -0.0036165252881683197 0.00071180623834343922 -0.0012311522552993159
18 9 0 0.0039667833753173429 -0.019313064597189043 0.00084190262894823188 -0.0041072421239706502 0.00056706045294151501 -0.002761026843554368
19 -10 0 -0.01057839468275951 0.019389789576291755 -0.0022502654266740598 0.0041236872520281544 -0.00072410141583459028 0.0013272290101911783
20 10 0 -0.0030366663899087801 0.021709847479999635 -0.00064945620813252106 0.0046231503257064795 -0.00044627797047150348 0.0031901085576285103
21 -11 0 0.0092082121535235657 -0.017906308888072528 0.0019632998007035269 -0.0038118219491990266 0.000594668880514535 -0.0011562633787408744
22 11 0 0.0014657799727658921 -0.019682831505473283 0.00031999518161375084 -0.0041977081382480984 0.00022139492405698111 -0.0029707614275808034
23 -12 0 -0.0062773635326308459 0.013528206446534298 -0.0013432645459507441 0.0028834916857938932 -0.00038115231369129408 0.00082116580397951643
24 12 0 0.00015144381281454673 0.014342069677137255 2.127905814064464e-05 0.0030653844902076644 2.3219496050253441e-05 0.0022220239614229309
25 -13 0 0.0025209788703861743 -0.0074678026817155884 0.0005457084772794151 -0.0015957112789617919 0.00014343499911933364 -0.00042443899016956089
26 13 0 -0.0013288629252982264 -0.0071577292306004535 -0.00027172204227451815 -0.0015375607472763347 -0.00021092061998304059 -0.0011377205521463487
27 -14 0 0.0012722676922100947 0.00099795937987028115 0.00026197405061969382 0.00021877703243226621 6.7167114895281022e-05 5.2974642342863637e-05
28 14 0 0.0017789704083819614 -0.00030008612914662853 0.00037024627487637602 -5.2457054497871069e-05 0.00028962669359539132 -4.8635721737294621e-05
29 -15 0 -0.004396117732050956 0.0047337381857080743 -0.00092938053809405472 0.0010031433048438459 -0.00021559241191437698 0.00023220177252763815
30 15 0 -0.0014529963764153833 0.0066236273095442357 -0.00030580436692043708 0.0014049800676691176 -0.00024245830409924476 0.0011055110323381452
31 -16 0 0.0063395381066183266 -0.0088559447219839649 0.0013471361851801074 -0.0018841234787245079 0.00028652139931795509 -0.0004003018727577525
32 16 0 0.00052480586301935838 -0.010786582504345081 0.00011411319352875816 -0.002300463537206403 8.9762623950916947e-05 -0.0018439428404605194
33 -17 0 -0.0068579400455023179 0.0108704691896609 -0.0014621971530379924 0.0023172151110918628 -0.00028353533239727395 0.00044941879022467203
34 17 0 0.00067491509785172097 0.012283215528875234 0.00013602332924315228 0.0026292491082654389 0.00011791801699438653 0.0021494546976491037
35 -18 0 0.0059927116807478621 -0.01068524071046349 0.0012822393783287038 -0.0022816786949321597 0.00022469561820691417 -0.00040054098071305879
36 18 0 -0.0017568539810955915 -0.011166160984716324 -0.00036317873588804324 -0.0023999737242629275 -0.00031423745798259253 -0.0019992444724899025
37 -19 0 -0.0040387400388692454 0.0085835447670107139 -0.00086901137018381746 0.0018367098763926331 -0.00013593114057877372 0.00028867294051827488
38 19 0 0.0023794871699669806 0.0079807108334627782 0.00049552509581903264 0.0017261372561185563 0.00043530334323083102 0.0014614079143984088
39 -20 0 0.0014689592258642452 -0.0051391633332234172 0.00032251379434002406 -0.0011036508261836569 4.3906245218039846e-05 -0.00015306993316458099
40 20 0 -0.0023382673611256313 -0.0036128844266732256 -0.00048951735841968268 -0.00079441027942130939 -0.0004372920730360563 -0.00067650592672817986
41 -21 0 0.0011677743756451577 0.0010944387878062047 0.0002405796337134725 0.00024024664156779859 3.0050832541648409e-05 2.8484911692432462e-05
42 21 0 0.001616687322038624 -0.00091552773470669714 0.0003406966149183475 -0.00017839235321774494 0.00030895863140075456 -0.00017464123876027442
43 -22 0 -0.003355240977808694 0.0027773151668840233 -0.00070998908361298769 0.00058854423832679643 -7.3796546631256613e-05 6.1103839552435101e-05
44 22 0 -0.00038770282086617806 0.0046625544537936756 -8.4212472773526965e-05 0.00099080331913610118 -7.5725378397713199e-05 0.0009101956694818128
45 -23 0 0.0047045670592534587 -0.005802683573543221 0.0010020762901377933 -0.0012384510787105357 8.5458518440779721e-05 -0.00010545962777389922
46 23 0 -0.0010339346313189195 -0.0069492087375057909 -0.00021484116330198956 -0.0014956313796694117 -0.00020594710673477867 -0.0013853411627893655
47 -24 0 -0.0050184816736593904 0.0075123857177934877 -0.0010737195014192766 0.0016082609474700092 -7.1898113200893763e-05 0.00010764838025752937
48 24 0 0.0022759198484701261 0.0074751633651230246 0.00047871731860593182 0.001624946045345695 0.00046276682685938395 0.0015211044285650653
49 -25 0 0.0043150708186544089 -0.0077042849808980135 0.00092763206957660691 -0.0016535173357900721 4.5266528652891208e-05 -8.0761584404960102e-05
50 25 0 -0.0030076562066607376 -0.0063468880393022708 -0.00063751830360917741 -0.0013968478804842106 -0.000623983521485572 -0.001317900311987781
51 -26 0 -0.0028090723117031851 0.0064578464946523336 -0.00060864765955656163 0.0013899278046162387 -1.8733723282182575e-05 4.2865099127922109e-05
52 26 0 0.0030290692608350533 0.0040171166290537868 0.00064769343684431709 0.0009036758644324186 0.00064099192901989686 0.00085106861194756702
53 -27 0 0.00085681094251744869 -0.0041007475388159624 0.00019220820811574298 -0.00088655755870236936 2.5510743831677777e-06 -1.1484368506548591e-05
54 27 0 -0.0023257623600871293 -0.0011533710461772526 -0.0005037800493155253 -0.00028521318812459515 -0.00050188236005141288 -0.00024967504790915086
55 -28 0 0.0011226019533441297 0.0011359002379118808 0.00023230792838309963 0.00025049639895681654 -1.4130798054192929e-06 -1.0942562328581021e-06
56 28 0 0.0010753590624911695 -0.0015319205701865128 0.00024027537178271849 -0.0003064741008078814 0.00023665661723519651 -0.00033633677599454576
57 -29 0 -0.0027333436655551345 0.0018569109034824863 -0.0005799391591405534 0.00039403004723193843 1.3675521536024213e-05 -9.2895473481537127e-06
58 29 0 0.00039802892976284541 0.0034495749751654869 7.7026235692947409e-05 0.00074234544175931245 8.8977311456824929e-05 0.00077279897575121886
59 -30 0 0.0036792284481984763 -0.0043271064212690056 0.00078655084558620534 -0.00092836461848547214 -3.2476033400061273e-05 3.8122814157252756e-05
60 30 0 -0.0017108896392186708 -0.0042612120459061299 -0.0003682121002276372 -0.00094385681921519467 -0.00039038537535832476 -0.0009729061814289714
61 -31 0 -0.0038160498015213954 0.005848911687099361 -0.00082022757710676849 0.0012600493193139922 4.8314231665365106e-05 -7.3989371031624464e-05
62 31 0 0.0025271003533872253 0.003937304041803231 0.00056064698987208462 0.00089661227455413895 0.00058751295657026061 0.00091587929392281315
63 -32 0 0.003170975938415197 -0.0061907194092518294 0.00068568668858487458 -0.0013379749032666663 -5.2297198900223248e-05 0.00010211533963918919
64 32 0 -0.0026556718533216994 -0.0027334249433777318 -0.00060897316791541038 -0.00064754917555127011 -0.00062892437133782106 -0.00064780102689728479
65 -33 0 -0.0019268916289423099 0.0053473937061955627 -0.00042119777112421033 0.0011596663428366119 3.9119907357706076e-05 -0.00010876361967898533
66 33 0 0.0021103317639284708 0.001092419631566584 0.00050811300591340901 0.00028696872339511477 0.0005091439530185793 0.00026409465102715085
67 -34 0 0.00037654008015860303 -0.0035312980365701991 8.8981097325125668e-05 -0.00076971619989563882 -8.9535344424048641e-06 8.5377367613964246e-05
68 34 0 -0.001108728749127311 0.0005002277550774525 -0.00029509123896224212 7.952628509287533e-05 -0.00027277538594315981 0.00012187021782950833
69 -35 0 0.0011429452510353191 0.0011249947669772988 0.00023870011838680939 0.00024991200088881656 -3.2275361923355155e-05 -3.1443072977835381e-05
70 35 0 3.1037184766245662e-06 -0.0016651941049034007 3.8149082959641601e-05 -0.00036136743922037429 1.6118311983882711e-06 -0.00041485623453975482
71 -36 0 -0.0023210921746650067 0.0013949007492483636 -0.00049477641902832554 0.0002969777000036885 7.4296413980913089e-05 -4.4657702212895595e-05
72 36 0 0.00084484471106686184 0.0022324137929293909 0.00018482506541834357 0.00050670929943566413 0.00021407739259828279 0.00056608765720755352
73 -37 0 0.0029361600588209661 -0.0035484151838653609 0.0006308127436834549 -0.00076672802896476488 -0.00010522828068960447 0.00012707551569635854
74 37 0 -0.0012056369624752633 -0.0022552633979908403 -0.00031255408013013499 -0.0005117206384804146 -0.00031169592327409082 -0.00058142264149723495
75 -38 0 -0.002896043929978252 0.0049408824462950128 -0.0006260064662037552 0.0010729301916200704 0.00011490872081592934 -0.00019593655755168832
76 38 0 0.001075660850991754 0.0019223408900615612 0.00032188040541909432 0.00041186181030296564 0.00028362557436263636 0.00050320760795751754
77 -39 0 0.0022505692148369078 -0.0053336364368521422 0.00049008972373358465 -0.0011625418031778534 -9.7928050628959157e-05 0.00023205682387295972
78 39 0 -0.00065647151373903877 -0.0014109842974342748 -0.00023429360365740415 -0.00025882825250575281 -0.00017674247325544706 -0.00037438185471721646
79 -40 0 -0.0011738277652470336 0.0046842349194140117 -0.00025978034096959195 0.0010249510560578282 5.5530352835858206e-05 -0.00022185252383470595
80 40 0 0.00020939772452928805 0.00078590042423193405 0.00010218641280110905 9.4991363368631732e-05 5.7888903889131524e-05 0.00021077630394505045
81 -41 0 -7.8607542614882959e-05 -0.003149376100799333 -1.0240695348483674e-05 -0.0006929883765162372 4.1790157196544474e-06 0.00016127549942444747
82 41 0 0.00011768433473774746 -3.3168474040636936e-05 1.9484070465012347e-05 5.9939354391854401e-05 3.218504556699031e-05 -7.5979556008988339e-06
83 -42 0 0.0012277277982558736 0.0010505431375510399 0.00025974820445813648 0.00023579979662915814 -6.7856061111955864e-05 -5.7768311560975146e-05
84 42 0 -0.00034366098882318298 -0.00080633965072244218 -0.00010013207096455014 -0.00020255898533207389 -9.6438014618506926e-05 -0.00022554482685379607
85 -43 0 -0.0020316682595614977 0.0011907279515676024 -0.00043606645722410822 0.00025500431236533225 0.00012003488717914805 -7.0362863197677306e-05
86 43 0 0.00055053650021782584 0.0015582184129300303 0.00014195669110659591 0.00032607360242915536 0.00015645061523061931 0.00044110364556893233
87 -44 0 0.0023359447221224443 -0.0031354631934973603 0.00050504990986730046 -0.00068326634580732632 -0.00014699991117616255 0.00019719658181423111
88 44 0 -0.00075031337394169408 -0.0019855009314413436 -0.00016352380975050498 -0.00040574446136930342 -0.00021579442915675584 -0.00057043205350119192
89 -45 0 -0.002103004579624845 0.0044119606879206713 -0.00045768122946149021 0.00096684757084621064 0.00014044568075385685 -0.00029450027446619641
90 45 0 0.00085737583842898483 0.0019366181966411968 0.00017294766997997147 0.00040771268430574425 0.00024999492593832657 0.00056506791066092714
91 -46 0 0.0014154099480733642 -0.0047864570669785495 0.00031100232345200211 -0.0010533037540806742 -9.9964307926552536e-05 0.0003380120789066933
92 46 0 -0.00076754835315282638 -0.001436406570839378 -0.00015822974519621012 -0.00031683083581144072 -0.000227224387905949 -0.00042570168176287647
93 -47 0 -0.0004527434845521616 0.0042063070610436262 -0.00010333481637550765 0.00092967670284257022 3.3653019835882182e-05 -0.00031332274586074078
94 47 0 0.00045302380512800066 0.00066520175938055684 0.00010379645357505472 0.00015529033628376615 0.00013632969420558438 0.00020024626865080113
95 -48 0 -0.00055201804947385702 -0.0028075061335585479 -0.00011502263764289195 -0.0006245300644932497 4.3421515780841448e-05 0.00021997487627593094
96 48 0 1.3387824181109714e-06 0.00013681189181677784 -1.2572706412576878e-05 2.6251172933499609e-05 1.1645137539719765e-07 4.1656036579447285e-05
97 -49 0 0.0013665838040730009 0.00088526737282784804 0.00029347381678053062 0.00020185094022345562 -0.00011263237639595955 -7.2706626446867868e-05
98 49 0 -0.00043463452652721504 -0.00077230547140699334 -8.8530281334360764e-05 -0.00017489866412583125 -0.00013436696796201246 -0.00023915738139641498
99 -50 0 -0.0018117084303317607 0.0011664490702949584 -0.00039255169370869676 0.00025197847841067878 0.0001563130224422164 -0.00010065709214466712
100 50 0 0.0006890128150597311 0.0011462017371065491 0.00016182126187908044 0.0002583862481715245 0.00021654250889997908 0.00035998160337793106
101 -51 0 0.0018002375198569967 -0.0029344556465242351 0.00039255792158917279 -0.0006455697108693171 -0.0001623015003003982 0.00026443347726453194
102 51 0 -0.00068507762055113768 -0.0012647794707655174 -0.00017891041838596054 -0.00027282321731012205 -0.00021875676130957784 -0.00040255590777178387
103 -52 0 -0.0013543620460773713 0.0040691091470205143 -0.00029753087090414991 0.00090083205140913136 0.00012735178493906816 -0.00038247062592289738
104 52 0 0.00045486892875855572 0.0011889375439005077 0.00013500997084303379 0.00023555863792378641 0.00014764419190525546 0.00038323653072128714
105 -53 0 0.00059756878366441118 -0.0043538303323329428 0.00013372065782898317 -0.00096854356911304986 -5.8476019224777431e-05 0.00042617608459979533
106 53 0 -0.00011696336945069204 -0.00097648282860185941 -5.0552236920787683e-05 -0.00017042203761810041 -3.8849739859648461e-05 -0.00031859505195175862
107 -54 0 0.00027651124007508168 0.003747446051601619 5.7009828266494842e-05 0.00083806359106621084 -2.8248659399201008e-05 -0.00038141233968666223
108 54 0 -0.00019123208555401895 0.00065088476708589547 -3.9732539130220344e-05 9.4474836022405699e-05 -6.3396645516634558e-05 0.00021484707777775784
109 -55 0 -0.0010509547351024258 -0.0023908330829964524 -0.00022729541839154827 -0.00053921908344040808 0.00011125905992572492 0.00025262070886693689
110 55 0 0.00038403261136109497 -0.00021538361101257239 0.00010414979467572816 -1.3261952908497529e-05 0.00012960210027742388 -7.1653057095422072e-05
111 -56 0 0.0015371748151484805 0.00057653035951410979 0.00033553760776700416 0.00013596812323246894 -0.0001687055312253029 -6.3052963473986606e-05
112 56 0 -0.00045747961246946572 -0.00030176075885654426 -0.00012844190114846 -7.3682925750108289e-05 -0.0001565604291736411 -0.00010301658588585286
113 -57 0 -0.0016193555218760051 0.0013124757136655535 -0.00035572069767290259 0.00028688481635472579 0.00018404744506998185 -0.00014920027275216983
114 57 0 0.00046171205843952495 0.00081233930287699597 0.00011917938988064297 0.00016184617139584613 0.00015986822690274233 0.00028017474985385263
115 -58 0 0.0012814005202038429 -0.0028822389182731789 0.00028350008721584691 -0.00064121566870807816 -0.00015064185992911855 0.0003387593635375603
116 58 0 -0.00044139811106469614 -0.0011818080974820885 -9.4328427927959841e-05 -0.00023447419079759808 -0.00015439870295000721 -0.00041297436666742009
117 -59 0 -0.0006101483626719654 0.0038092306986059997 -0.00013714674012120834 0.00085375219476756963 7.4089393709434251e-05 -0.00046260328309282519
118 59 0 0.00039520430306157141 0.0012913526338221547 6.7928089125841043e-05 0.00026676369531000282 0.00013967102993585838 0.00045741478404054945
119 -60 0 -0.00022588726613512427 -0.0039067537035782293 -4.6877514364399833e-05 -0.00088113601958545796 2.8407115770679363e-05 0.00048976237567010638
120 60 0 -0.00028718933727082214 -0.0011049901260104333 -4.0936921681431699e-05 -0.0002406726370414762 -0.00010262416180981086 -0.00039677463899175265
121 -61 0 0.0010172763072263324 0.0031625803082641242 0.00022268696860922686 0.00071874515150648999 -0.00013170248442155675 -0.00040886605938645032
122 61 0 9.5686313215560576e-05 0.00069101685032704437 5.7898633623512147e-06 0.00015936791075905367 3.4453377490644101e-05 0.00025152638947673685
123 -62 0 -0.0015643442497122939 -0.0017399780315876924 -0.0003460292003710626 -0.0004014332381085906 0.00020865055848073817 0.00023171312841166217
124 62 0 0.00014681669343712578 -0.00018349702682078108 4.0173396338122074e-05 -4.8645489645638386e-05 5.4268331686289697e-05 -6.7790413482687759e-05
125 -63 0 0.0017257563431294892 -5.8031240314687245e-05 0.00038502331802402927 -3.9703534812613311e-06 -0.00023695810866103132 8.1651809132170995e-06
126 63 0 -0.00035828969487305268 -0.00028527843255596303 -8.5831444122487022e-05 -5.6776806847323389e-05 -0.00013382500536880337 -0.00010628666643756426
127 -64 0 -0.0014533911778878959 0.0018535454999294967 -0.0003280186155861449 0.00041281868496683089 0.00020525694398505138 -0.00026189030860661767
128 64 0 0.00045282566131331706 0.00063484888655376186 0.00011075868721102348 0.00013126515568796205 0.00017131033611392078 0.00023961517947014666
129 -65 0 0.00080501024560796191 -0.003273938569504445 0.00018666553541862697 -0.00074046714878370928 -0.00011678537812562624 0.0004753715014864653
130 65 0 -0.00039275738438231865 -0.0008430503557590028 -9.9187334562428919e-05 -0.00016737953286667507 -0.00015050749734506208 -0.00032200532246597004
131 -66 0 6.8576571185563368e-05 0.0040301571954951864 6.5952392655213187e-06 0.00091997292870893302 -1.0426914789117629e-05 -0.00060106694060784631
132 66 0 0.00021056754090075994 0.00091701655924548834 5.1856723600774473e-05 0.00017178180038493165 8.1656489075596555e-05 0.00035435420774792902
