0 0 0 6.000000 0.48229513340649655
1 -1 0 5.844996 0.01034818886376809
2 1 0 6.159151 0.010357672872077993
3 -2 0 5.694469 0.0084044083730511945
4 2 0 6.322145 0.0084169992051292934
5 -3 0 5.548773 0.0058182611615380554
6 3 0 6.488703 0.0058259857077130155
7 -4 0 5.408289 0.00328600590709248
8 4 0 6.658566 0.0032851278222668428
9 -5 0 5.273425 0.0013655745975199118
10 5 0 6.831498 0.0013589674890045833
11 -6 0 5.144615 0.00030191052469618961
12 6 0 7.007282 0.00029623588626759702
13 -7 0 5.022317 2.7543599419721343e-06
14 7 0 7.185718 2.8249431499514403e-06
15 -8 0 4.907009 0.00015455776169233615
16 8 0 7.366625 0.00015944970299521259
17 -9 0 4.799189 0.00040482595969249067
18 9 0 7.549836 0.00040882452438362627
19 -10 0 4.699366 0.00051728282453661302
20 10 0 7.735198 0.0005148062272873848
21 -11 0 4.608052 0.00043490420287028075
22 11 0 7.922570 0.00042531917144505033
23 -12 0 4.525757 0.0002422472685156926
24 12 0 8.111825 0.00023057705866786615
25 -13 0 4.452977 6.9729404608812786e-05
26 13 0 8.302845 6.2605473759719837e-05
27 -14 0 4.390180 2.749051868391809e-06
28 14 0 8.495523 2.8768935918185257e-06
29 -15 0 4.337796 4.2175574788065318e-05
30 15 0 8.689759 4.5885397187623508e-05
31 -16 0 4.296203 0.00012478509179443726
32 16 0 8.885463 0.00012481001658965805
33 -17 0 4.265713 0.00017718705468500211
34 17 0 9.082551 0.00016855870021393948
35 -18 0 4.246564 0.00016360030914762549
36 18 0 9.280949 0.00014790584799941002
37 -19 0 4.238909 9.9974647266513176e-05
38 19 0 9.480585 8.4390462666997836e-05
39 -20 0 4.242809 3.2792197695514019e-05
40 20 0 9.681394 2.4460180262689693e-05
41 -21 0 4.258233 2.7626146741302302e-06
42 21 0 9.883318 2.9177594688711134e-06
43 -22 0 4.285058 1.9164294916534625e-05
44 22 0 10.086302 2.1812616649025205e-05
45 -23 0 4.323072 5.9240580317485596e-05
46 23 0 10.290295 5.5678836333808364e-05
47 -24 0 4.371986 8.8658555290333033e-05
48 24 0 10.495252 7.4424669398094658e-05
49 -25 0 4.431442 8.6209011148734524e-05
50 25 0 10.701128 6.4925379626572778e-05
51 -26 0 4.501026 5.588916167368941e-05
52 26 0 10.907886 3.6736825369106728e-05
53 -27 0 4.580280 2.0344317442170498e-05
54 27 0 11.115488 1.0919761336717342e-05
55 -28 0 4.668717 2.7858121216169008e-06
56 28 0 11.323901 2.9022887025554779e-06
57 -29 0 4.765830 1.1101461209264203e-05
58 29 0 11.533094 1.2577586974790838e-05
59 -30 0 4.871106 3.4518715198240919e-05
60 30 0 11.743038 2.7389190990567557e-05
61 -31 0 4.984034 5.3399082282072135e-05
62 31 0 11.953707 3.3829880288914432e-05
63 -32 0 5.104113 5.3836857650882697e-05
64 32 0 12.165077 2.7456370838365749e-05
65 -33 0 5.230857 3.6528141527456665e-05
66 33 0 12.377124 1.4309675967661829e-05
67 -34 0 5.363801 1.4539321062073413e-05
68 34 0 12.589829 4.2420372771719932e-06
69 -35 0 5.502504 2.8019307023673061e-06
70 35 0 12.803171 2.6726048294976315e-06
71 -36 0 5.646548 7.50387125546419e-06
72 36 0 13.017133 7.3886764745372053e-06
73 -37 0 5.795545 2.2717178899905638e-05
74 37 0 13.231699 1.1953695983270308e-05
75 -38 0 5.949130 3.5824302875174622e-05
76 38 0 13.446853 1.1767284438027613e-05
77 -39 0 6.106967 3.7051926014882025e-05
78 39 0 13.662582 7.3382652676738401e-06
79 -40 0 6.268744 2.6045311558586614e-05
80 40 0 13.878872 2.5909377280108832e-06
81 -41 0 6.434172 1.117827298014289e-05
82 41 0 14.095713 6.8797712553765347e-07
83 -42 0 6.602987 2.7873822191383914e-06
84 42 0 14.313092 1.6196652692389626e-06
85 -43 0 6.774946 5.6659583923827694e-06
86 43 0 14.531001 3.3017588929803558e-06
87 -44 0 6.949825 1.6180334269588308e-05
88 44 0 14.749430 4.0743246383386056e-06
89 -45 0 7.127420 2.5625806131307831e-05
90 45 0 14.968370 3.6644177500258953e-06
91 -46 0 7.307543 2.6883905391616842e-05
92 46 0 15.187814 2.456499656874261e-06
93 -47 0 7.490023 1.935824897756447e-05
94 47 0 15.407755 9.7517694502450711e-07
95 -48 0 7.674701 8.8210459821008114e-06
96 48 0 15.628187 5.1961805702300844e-08
97 -49 0 7.861434 2.7150444577330728e-06
98 49 0 15.849104 4.6986959339824304e-07
99 -50 0 8.050090 4.6592133230634618e-06
100 50 0 16.070502 1.9976446528504045e-06
101 -51 0 8.240549 1.216997842870792e-05
102 51 0 16.292374 3.2823950413360152e-06
103 -52 0 8.432698 1.897404447638832e-05
104 52 0 16.514719 3.1380373315642034e-06
105 -53 0 8.626438 1.9869335174593167e-05
106 53 0 16.737531 1.7559847185061761e-06
107 -54 0 8.821674 1.4409645346401352e-05
108 54 0 16.960808 3.9274592198064376e-07
109 -55 0 9.018321 6.8309529444241093e-06
110 55 0 17.184546 2.0622728789740295e-08
111 -56 0 9.216301 2.5680625167182458e-06
112 56 0 17.408745 5.2965068822052518e-07
113 -57 0 9.415542 4.1705824045357547e-06
114 57 0 17.633402 1.1640886513473996e-06
115 -58 0 9.615976 9.658025497948655e-06
116 58 0 17.858515 1.4079401255230535e-06
117 -59 0 9.817544 1.4342885516397514e-05
118 59 0 18.084083 1.2766700430022712e-06
119 -60 0 10.020189 1.4525805519499955e-05
120 60 0 18.310105 9.5969959410327101e-07
121 -61 0 10.223859 1.0197495948578647e-05
122 61 0 18.536582 5.4460451758202442e-07
123 -62 0 10.428507 4.8111187116757419e-06
124 62 0 18.763512 1.7214647493821179e-07
125 -63 0 10.634089 2.4857688694086706e-06
126 63 0 18.990896 1.5405807631168915e-07
127 -64 0 10.840565 4.8805360134329721e-06
128 64 0 19.218734 6.4351322304961015e-07
129 -65 0 11.047896 1.0077548093664657e-05
130 65 0 19.447026 1.2823652178363679e-06
131 -66 0 11.256049 1.4174336081593406e-05
132 66 0 19.675775 1.4674241385072732e-06
