0.000000 0.6244138831049445
3.503504 0.62360638002711788
7.007007 0.62230494927033975
10.510511 0.62073420399986423
14.014014 0.61916501025279003
17.517518 0.61786748601910257
21.021021 0.61706454040875602
24.524525 0.61689392597311465
28.028028 0.61738503982877624
31.531532 0.6184540958966096
35.035035 0.61991830331984377
38.538539 0.62152672608056192
42.042042 0.62300287112210917
45.545546 0.624092047913267
49.049049 0.62460549455627035
52.552553 0.62445350054707116
56.056056 0.62366144190678419
59.559560 0.62236562445114596
63.063063 0.62078956447930556
66.566567 0.6192050092726018
70.070070 0.61788477880469894
73.573574 0.6170558177537947
77.077077 0.61686052696255755
80.580581 0.61733274182577047
84.084084 0.61839212120949427
87.587588 0.61985771120998678
91.091091 0.62147846065392054
94.594595 0.62297579848265927
98.098098 0.6240913291913176
101.601602 0.62463159677367097
105.105105 0.62450204387362585
108.608609 0.62372393208770949
112.112112 0.6224309504162393
115.615616 0.62084599038822863
119.119119 0.61924229298030109
122.622623 0.61789602692845802
126.126126 0.61703874283859261
129.629630 0.61681788744515154
133.133133 0.61727189278688521
136.636637 0.6183237550250652
140.140140 0.61979400006848251
143.643644 0.6214309123322459
147.147147 0.62295319142264616
150.650651 0.62409809272799111
154.154154 0.6246669401677265
157.657658 0.62456001502735314
161.161161 0.6237944194116698
164.664665 0.62250146067100665
168.168168 0.6209038816439949
171.671672 0.61927705164417945
175.175175 0.61790117146764989
178.678679 0.61701301232333106
182.182182 0.61676550865847946
185.685686 0.61720188382417129
189.189189 0.61824838554516104
192.692693 0.61972666582010205
196.196196 0.62138377920231458
199.699700 0.62293501100629178
203.203203 0.62411257765822059
206.706707 0.62471200702013274
210.210210 0.62462805923589904
213.713714 0.62387359991155966
217.217217 0.62257777770207734
220.720721 0.6209636731329764
224.224224 0.61930944981841773
227.727728 0.61790007080105747
231.231231 0.61697819670994347
234.734735 0.61670274336255992
238.238238 0.61712196051722989
241.741742 0.61816528356800082
245.245245 0.61965513596322608
248.748749 0.62133675278501088
252.252252 0.62292127611264558
255.755756 0.62413513675726906
259.259259 0.62476743062946161
262.762763 0.62470698474174324
266.266266 0.62396231661611234
269.769770 0.62266062919454701
273.273273 0.62102584417745255
276.776777 0.61933962700487166
280.280280 0.61789249193562101
283.783784 0.61693372347411679
287.287287 0.61662877343742462
290.790791 0.61703119873602352
294.294294 0.61807358077446606
297.797798 0.61957875431242226
301.301301 0.6212895122679768
304.804805 0.62291206864835058
308.308308 0.6241662522336956
311.811812 0.62483401936797589
315.315315 0.62479779121445711
318.818819 0.62406158745636775
322.322322 0.62275087046747779
325.825826 0.62109093133286097
329.329329 0.6193676982238272
332.832833 0.61787809835160679
336.336336 0.61687885391936503
339.839840 0.61654257946911439
343.343343 0.61692847207929402
346.846847 0.61797224069584811
350.350350 0.61949676076788007
353.853854 0.62124171701277686
357.357357 0.62290754064316645
360.860861 0.62420655675203218
364.364364 0.62491278845622433
367.867868 0.62490170704458903
371.371371 0.62417264165094888
374.874875 0.62284951345213446
378.378378 0.62115954456959011
381.881882 0.61939375412661879
385.385385 0.61785643353262265
388.888889 0.6168126525298705
392.392392 0.61644290090108256
395.895896 0.61681240957625794
399.399399 0.61786002138216922
402.902903 0.61940826577442343
406.406406 0.62119299782819259
409.909910 0.62290792459995281
413.413413 0.62425686182776763
416.916917 0.62500500210130394
420.420420 0.62502023827577968
423.923924 0.62429696698155424
427.427427 0.62295776383981649
430.930931 0.62123238734197106
434.434434 0.61941785985830977
437.937938 0.61782689813543745
441.441441 0.6167339457822526
444.944945 0.61632818316018456
448.448448 0.61668134007414477
451.951952 0.61773542680417148
455.455455 0.61931221764532307
458.958959 0.62114294669905357
462.462462 0.62291354844080393
465.965966 0.62431819645233988
469.469469 0.62511222996670834
472.972973 0.6251552336321029
476.476476 0.62443637216620085
479.979980 0.62307706962750509
483.483483 0.62131028220316797
486.986987 0.6194400524195296
490.490490 0.61778871861767992
493.993994 0.61664126661464669
497.497497 0.61619650693727412
501.001001 0.6165332182726071
504.504505 0.61759664260113234
508.008008 0.61920735981121189
511.511512 0.62109110406326518
515.015015 0.62292485643257156
518.518519 0.62439185948913911
522.022022 0.62523642314834704
525.525526 0.62530897160479537
529.029029 0.62459307005656972
532.532533 0.62320918551837501
536.036036 0.62139420430682424
539.539540 0.61946033625100849
543.043043 0.61774090437643925
546.546547 0.61653277935442008
550.050050 0.61604549300542721
553.553554 0.61636552548872725
557.057057 0.61744145018337115
560.560561 0.61909217405256622
564.064064 0.62103694256921571
567.567568 0.62294243825813278
571.071071 0.62447949104269851
574.574575 0.62538001713560154
578.078078 0.62548427813601248
581.581582 0.62476978977573427
585.085085 0.6233562593892038
588.588589 0.62148532589153582
592.092092 0.61947867631467191
595.595596 0.61768218879701442
599.099099 0.61640617726517777
602.602603 0.61587217273762473
606.106106 0.6161751349698309
609.609610 0.61726711046589233
613.113113 0.61896480410295807
616.616617 0.62097984601515543
620.120120 0.62296706976342753
623.623624 0.62458317084258907
627.127127 0.62554607315895105
630.630631 0.62568468782666287
634.134134 0.62496993002454215
637.637638 0.62352095012832931
641.141141 0.6215850763105657
644.644645 0.61949498743709008
648.148148 0.61761094711052433
651.651652 0.61625854071217478
655.155155 0.61567280930266666
658.658659 0.61595812621988988
662.162162 0.61707020392338929
665.665666 0.61882295104936891
669.169169 0.62091908147046215
672.672673 0.62299977074758284
676.176176 0.62470555590699328
679.679680 0.62573847534222204
683.183183 0.62591466844550592
686.686687 0.625197772293555
690.190190 0.62370659112823956
693.693694 0.62169522464254445
697.197197 0.61950911806730435
700.700701 0.61752508020144381
704.204204 0.61608613754439689
707.707708 0.61544264647048397
711.211211 0.61570952445617777
714.714715 0.61684640648957167
718.218218 0.61866372734664155
721.721722 0.62085376155011751
725.225225 0.62304188817573014
728.728729 0.62485007657083402
732.232232 0.62596221076017855
735.735736 0.62617993952021056
739.239239 0.62545878314376335
742.742743 0.62391742164212394
746.246246 0.62181799575156027
749.749750 0.61952082539590758
753.253253 0.61742184717126447
756.756757 0.61588413664819186
760.260260 0.6151755486433691
763.763764 0.61542292754218586
767.267267 0.61659016904637454
770.770771 0.6184834487582016
774.274274 0.62078279228157562
777.777778 0.62309521840547466
781.281281 0.62502122153455975
784.784785 0.62622377585739664
788.288288 0.62648793434684569
791.791792 0.62576005228368325
795.295295 0.62415892154016528
798.798799 0.62195623705743275
802.302302 0.61952973662989574
805.805806 0.61729761859832577
809.309309 0.61564618742918431
812.812813 0.61486347297517852
816.316316 0.61508995920458587
819.819820 0.61629424811568601
823.323323 0.61827733072568403
826.826827 0.62070479946135859
830.330330 0.62316219110323845
833.833834 0.62522496267559702
837.337337 0.62653178107611462
840.840841 0.62684848699225937
844.344344 0.62611094371171261
847.847848 0.62443830817853152
851.351351 0.62211366435672666
854.854855 0.61953528734491503
858.358358 0.61714750326939738
861.861862 0.61536378590890495
865.365365 0.61449567431701557
868.868869 0.61469944580269131
872.372372 0.61594899982258577
875.875876 0.61803903309746389
879.379379 0.62061802208433769
882.882883 0.62324615396474747
886.386386 0.62546940651083738
889.889890 0.6268978766300326
893.393393 0.62727488392049879
896.896897 0.62652409223356609
900.400400 0.62476529585050999
903.903904 0.62229523487467908
907.407407 0.61953662049667724
910.910911 0.61696476593702732
914.414414 0.6150252892928999
917.917918 0.6140574701069087
921.421421 0.61423613765357898
924.924925 0.61554128393959795
928.428428 0.61775995583020638
931.931932 0.62052015395881077
935.435435 0.62335182851125637
938.938939 0.62576582719389084
942.442442 0.62733821841713899
945.945946 0.62778552911030416
949.449449 0.6270169813025348
952.952953 0.62515329687924226
956.456456 0.62250773279625082
959.959960 0.61953241505228485
963.463463 0.61673988581703731
966.966967 0.6146143277897006
970.470470 0.61352825075560968
973.973974 0.61367864913880343
977.477477 0.61505269918675765
980.980981 0.61742810897422684
984.484484 0.62040810115066358
987.987988 0.62348606927039141
991.491491 0.62613037034854757
994.994995 0.62787588294037788
998.498498 0.62840668771533625
1002.002002 0.62761454348089429
1005.505506 0.62562139913188941
1009.009009 0.62276072545275818
1012.512513 0.61952058256516573
1016.016016 0.61645896778163611
1019.519520 0.61410713318798149
1023.023023 0.61287813378606537
1026.526527 0.61299599354254841
1030.030030 0.61445661546084418
1033.533534 0.61702621942954561
1037.037037 0.62027759749909561
1040.540541 0.62365918953755917
1044.044044 0.62658699870569379
1047.547548 0.62854503815917762
1051.051051 0.62917722732732362
1054.554555 0.62835365684466882
1058.058058 0.6261977825238747
1061.561562 0.62306820079489589
1065.065065 0.6194977017782981
1068.568569 0.61610092034759445
1072.072072 0.61346780841764359
1075.575576 0.6120620383911809
1079.079079 0.61214144191922482
1082.582583 0.61371291400293537
1086.086086 0.61652838871960403
1089.589590 0.62012257000363924
1093.093093 0.62388741286237215
1096.596597 0.62717288336820409
1100.100100 0.62939857262585341
1103.603604 0.63015729985016933
1107.107107 0.62929138758860492
1110.610611 0.62692597935551186
1114.114114 0.62345153988169366
1117.617618 0.61945789788598193
1121.121121 0.61563212000036782
1124.624625 0.6126394072040674
1128.128128 0.61100850362714376
1131.631632 0.61104091862999443
1135.135135 0.61275804248209897
1138.638639 0.61589379863351845
1142.142142 0.61993403860846108
1145.645646 0.62419773668519662
1149.149149 0.62794899222444933
1152.652653 0.63052308062753104
1156.156156 0.63144542737200171
1159.659660 0.63052124354067474
1163.163163 0.62787722338911622
1166.666667 0.62394532550787396
1170.170170 0.61939044666963983
1173.673674 0.614995505396564
1177.177177 0.61152573278441291
1180.680681 0.60959683271484932
1184.184184 0.60956922407581338
1187.687688 0.61148460546323125
1191.191191 0.61505383789224533
1194.694695 0.61969808369391322
1198.198198 0.62463847508040837
1201.701702 0.62902283368055356
1205.205205 0.63207109678425866
1208.708709 0.63321538157811419
1212.212212 0.63220838153586467
1215.715716 0.62917725272341629
1219.219219 0.62460985116944545
1222.722723 0.6192741519920536
1226.226226 0.61408594745371303
1229.729730 0.60995021734774912
1233.233233 0.60760526486420485
1236.736737 0.60749587710642505
1240.240240 0.60969470702862805
1243.743744 0.61388271727108612
1247.247247 0.61939172388686248
1250.750751 0.62530488620461844
1254.254254 0.63060340888912458
1257.757758 0.6343393074115723
1261.261261 0.63580622714825485
1264.764765 0.63467613883473872
1268.268268 0.6310725555368405
1271.771772 0.62556198865251889
1275.275275 0.61906254091234991
1278.778779 0.6126867590871703
1282.282282 0.60754937594734459
1285.785786 0.60457563705973183
1289.289289 0.60434247876614811
1292.792793 0.6069760510120964
1296.296296 0.61211908756539846
1299.799800 0.61897296827369697
1303.303303 0.62641178518365537
1306.806807 0.63315730450372121
1310.310310 0.63799302329388474
1313.813814 0.63998396235298094
1317.317317 0.63866085542570128
1320.820821 0.63412830860661351
1324.324324 0.62706913974105927
1327.827828 0.61863935231032596
1331.331331 0.61027322203421031
1334.834835 0.6034372889624281
1338.338338 0.59937973628137953
1341.841842 0.59891722751513976
1345.345345 0.6022894518495947
1348.848849 0.6090989254639273
1352.352352 0.61834415789993291
1355.855856 0.62854748988774678
1359.359359 0.63797048227720032
1362.862863 0.64489579881155723
1366.366366 0.64793577384195045
1369.869870 0.64631092255183453
1373.373373 0.64003622181836139
1376.876877 0.62996604957229041
1380.380380 0.61767936525273615
1383.883884 0.60522531806463831
1387.387387 0.59478164734385452
1390.890891 0.5882924758192406
1394.394394 0.58714593606437193
1397.897898 0.59193318037385234
1401.401401 0.60231140457665644
1404.904905 0.61698396185254523
1408.408408 0.6338102068618533
1411.911912 0.65005654410843228
1415.415415 0.66278577905943747
1418.918919 0.66934908634156254
1422.422422 0.66790221474681466
1425.925926 0.65783515717862873
1429.429429 0.64000393347573803
1432.932933 0.61669377101090694
1436.436436 0.59131387801609936
1439.939940 0.56789676825447577
1443.443443 0.55051761698627311
1446.946947 0.54274338216932227
1450.450450 0.54717490844534367
1453.953954 0.56508849254776139
1457.457457 0.59615353806881133
1460.960961 0.63822143890273275
1464.464464 0.68723826299972657
1467.967968 0.73739137217452544
1471.471471 0.78160919074508894
1474.974975 0.81246371635358861
1478.478478 0.82338696732866168
1481.981982 0.80995749161682806
1485.485485 0.77091459923359196
1488.988989 0.70857540078795633
1492.492492 0.62847636852230782
1495.995996 0.53829257835733657
1499.499499 0.44631774420626419
1503.003003 0.35992551380281063
1506.506507 0.28442224553499018
1510.010010 0.22254964701610749
1513.513514 0.17466616647366084
1517.017017 0.13942129848829837
1520.520521 0.11461662369703324
1524.024024 0.097955037788883551
1527.527528 0.087492628298444258
1531.031031 0.081763257804908104
1534.534535 0.079673691252737183
1538.038038 0.080321092029668167
1541.541542 0.082859934019753181
1545.045045 0.086472892137140725
1548.548549 0.090425949984023299
1552.052052 0.094147705729364747
1555.555556 0.09727710872643934
1559.059059 0.099657738952949299
1562.562563 0.10129322237929977
1566.066066 0.10229544428551605
1569.569570 0.10284916563885341
1573.073073 0.10319422970802647
1576.576577 0.10360771257517409
1580.080080 0.1043661730103053
1583.583584 0.10568326526515236
1587.087087 0.10763957199506223
1590.590591 0.11013501776414727
1594.094094 0.11289055579717766
1597.597598 0.11550653631082924
1601.101101 0.11756086492372649
1604.604605 0.11871366263646456
1608.108108 0.11878442932979039
1611.611612 0.11778154197764648
1615.115115 0.11588384022615963
1618.618619 0.11338982945394904
1622.122122 0.11065539875980752
1625.625626 0.1080362973149275
1629.129129 0.10584247746936866
1632.632633 0.10430428529870006
1636.136136 0.10354877773583407
1639.639640 0.10358706878606425
1643.143143 0.10431655131694939
1646.646647 0.10554142954620303
1650.150150 0.10701045436421901
1653.653654 0.10846453428403319
1657.157157 0.1096828087442326
1660.660661 0.1105163456158102
1664.164164 0.1109035107180345
1667.667668 0.11086742540946662
1671.171171 0.1105004424915368
1674.674675 0.10994151153409767
1678.178178 0.10935044685745893
1681.681682 0.10888087505032237
1685.185185 0.10865321325583745
1688.688689 0.10873079892681324
1692.192192 0.10910461640150458
1695.695696 0.10969250818595515
1699.199199 0.11035587918427427
1702.702703 0.11093139249957816
1706.206206 0.11126956045758027
1709.709710 0.11126934845650678
1713.213213 0.1108994302416417
1716.716717 0.11020178188779596
1720.220220 0.10927932748045248
1723.723724 0.10827355673756102
1727.227227 0.10733894794655321
1730.730731 0.1066191475893894
1734.234234 0.10622707640872565
1737.737738 0.10622939381384863
1741.241241 0.10663583414591919
1744.744745 0.10739510108634402
1748.248248 0.10839971201985078
1751.751752 0.1095011993842237
1755.255255 0.11053437994158895
1758.758759 0.11134620641869271
1762.262262 0.11182269095778047
1765.765766 0.11190763930425346
1769.269269 0.11160936699143453
1772.772773 0.11099502899182323
1776.276276 0.11017519985215871
1779.779780 0.10928290887648499
1783.283283 0.10845138648353747
1786.786787 0.10779394276323513
1790.290290 0.10738843660590457
1793.793794 0.10726807363695784
1797.297297 0.10741965050410425
1800.800801 0.10778947661892896
1804.304304 0.10829589753822198
1807.807808 0.10884590206379088
1811.311311 0.1093523043420247
1814.814815 0.10974795156776992
1818.318318 0.10999438489572916
1821.821822 0.11008396129542265
1825.325325 0.11003599564690911
1828.828829 0.10988853250996239
1832.332332 0.10968780891842908
1835.835836 0.10947752750772259
1839.339339 0.1092899552305156
1842.842843 0.10914062294044757
1846.346346 0.10902784434653244
1849.849850 0.10893723959366235
1853.353353 0.10885006203955271
1856.856857 0.10875285292282888
1860.360360 0.10864537213064437
1863.863864 0.10854420874217864
1867.367367 0.10848080483475625
1870.870871 0.10849425737989778
1874.374374 0.10862056410583286
1877.877878 0.10888063840930264
1881.381381 0.10926956200109322
1884.884885 0.10974950162647
1888.388388 0.11024862580386414
1891.891892 0.11066795051606261
1895.395395 0.11089683553386646
1898.898899 0.11083564956340075
1902.402402 0.11042144165456144
1905.905906 0.10965047589337006
1909.409409 0.10859140714916743
1912.912913 0.10738506780283275
1916.416416 0.10623039020628368
1919.919920 0.10535912436526716
1923.423423 0.10500320852816818
1926.926927 0.1053578206955276
1930.430430 0.10654189679513733
1933.933934 0.10855854193703234
1937.437437 0.11126139728129597
1940.940941 0.11433811744308474
1944.444444 0.11732465773022734
1947.947948 0.11965980838858986
1951.451451 0.12077705282427284
1954.954955 0.1202142499971877
1958.458458 0.11770921917357836
1961.961962 0.11324992266602556
1965.465465 0.10706542179463417
1968.968969 0.099572882830427617
1972.472472 0.091322850644073278
1975.975976 0.082993322758787291
1979.479479 0.075462636135401162
1982.982983 0.069945315810435699
1986.486486 0.068122372044529839
1989.989990 0.072164957128529106
1993.493493 0.084560494096233771
1996.996997 0.10770927794113441
2000.500501 0.14335027171753681
2004.004004 0.19196236674649134
2007.507508 0.25233272690971437
2011.011011 0.32146158492124371
2014.514515 0.39488402034801895
2018.018018 0.46736278495433242
2021.521522 0.53378799818538791
2025.025025 0.59005335169010631
2028.528529 0.63368797690685319
2032.032032 0.66410253692314136
2035.535536 0.6824257586945045
2039.039039 0.69102034614633612
2042.542543 0.69283831121426598
2046.046046 0.69078852321024087
2049.549550 0.68725055016482484
2053.053053 0.68380231155444537
2056.556557 0.68116258900383386
2060.060060 0.67930332742737165
2063.563564 0.67766757435166902
2067.067067 0.67543136354935196
2070.570571 0.67176073081264187
2074.074074 0.66602880290303301
2077.577578 0.65796860226612808
2081.081081 0.64774615568847671
2084.584585 0.63594873912889727
2088.088088 0.62349580103593638
2091.591592 0.61149312511365528
2095.095095 0.60105998427389795
2098.598599 0.59316111033298213
2102.102102 0.58847001952866862
2105.605606 0.58728052947119658
2109.109109 0.58947339403908794
2112.612613 0.59453782473618466
2116.116116 0.60164348441246474
2119.619620 0.60975530920172916
2123.123123 0.61777895827058471
2126.626627 0.62471835228320161
2130.130130 0.62982075363208945
2133.633634 0.63268276004729462
2137.137137 0.63329528313227779
2140.640641 0.63201722931044801
2144.144144 0.62948319795571017
2147.647648 0.62646518635637038
2151.151151 0.62371753561254417
2154.654655 0.62183593719792363
2158.158158 0.62115588866894611
2161.661662 0.62170619266372595
2165.165165 0.62322201384882769
2168.668669 0.62521185460368178
2172.172172 0.62706458749158966
2175.675676 0.6281767300210277
2179.179179 0.62807689673235212
2182.682683 0.62652460991541392
2186.186186 0.62356508601484062
2189.689690 0.61953000598881169
2193.193193 0.61498497685174192
2196.696697 0.61063468410841726
2200.200200 0.60720393485810364
2203.703704 0.60531544704064078
2207.207207 0.60538368672953757
2210.710711 0.60753995222542911
2214.214214 0.61159905935392267
2217.717718 0.61707324865983382
2221.221221 0.62323391922251326
2224.724725 0.62921558585142801
2228.228228 0.63414886915584634
2231.731732 0.6373017529638827
2235.235235 0.63820353001695207
2238.738739 0.63672660014110494
2242.242242 0.63310874717184451
2245.745746 0.62791121500856684
2249.249249 0.62192203999677365
2252.752753 0.61602519892063856
2256.256256 0.61106105853737802
2259.759760 0.60770187627339223
2263.263263 0.60635976652581591
2266.766767 0.60713683319455281
2270.270270 0.6098206352507034
2273.773774 0.61392353469416294
2277.277277 0.61876081480220235
2280.780781 0.62355831690412877
2284.284284 0.62757527453396222
2287.787788 0.63022326449157862
2291.291291 0.63116015406040982
2294.794795 0.63034073826190562
2298.298298 0.62801382960969576
2301.801802 0.62466698359465378
2305.305305 0.62093132386263816
2308.808809 0.61746658061459381
2312.312312 0.6148485502503076
2315.815816 0.61347804640431969
2319.319319 0.61352409949343623
2322.822823 0.6149071651931487
2326.326326 0.61732208579201997
2329.829830 0.62029584716767949
2333.333333 0.62327123897059389
2336.836837 0.62570388772160135
2340.340340 0.62715716313095404
2343.843844 0.62737838173415661
2347.347347 0.62634188043275452
2350.850851 0.62425033987315282
2354.354354 0.62149415729289148
2357.857858 0.61857742228741364
2361.361361 0.61602559317798877
2364.864865 0.61429262241019456
2368.368368 0.61368385571985984
2371.871872 0.61430668898853646
2375.375375 0.61605540672205472
2378.878879 0.61863119164227331
2382.382382 0.62159352769431364
2385.885886 0.62443505465643723
2389.389389 0.62666830465680323
2392.892893 0.62791010136377645
2396.396396 0.6279486941910124
2399.899900 0.62678088373735286
2403.403403 0.62461168034837067
2406.906907 0.62181646727299711
2410.410410 0.61887329118942691
2413.913914 0.61627865160516848
2417.417417 0.61446258066213755
2420.920921 0.61371770049564833
2424.424424 0.61415324138402816
2427.927928 0.61568011328377681
2431.431431 0.61802821208470482
2434.934935 0.62079273619214703
2438.438438 0.62350240759155395
2441.941942 0.62569912723970922
2445.445445 0.62701614320643051
2448.948949 0.62724109851868581
2452.452452 0.62635218276204219
2455.955956 0.62452025010008316
2459.459459 0.62207639812082749
2462.962963 0.61945147355704322
2466.466466 0.61709939124954594
2469.969970 0.61541867279939833
2473.473473 0.61468592651561638
2476.976977 0.61501180620390017
2480.480480 0.61632551788716172
2483.983984 0.61838928316135811
2487.487487 0.62083990507206754
2490.990991 0.62325085716603956
2494.494494 0.62520518819977311
2497.997998 0.62636734360327595
2501.501502 0.62654142195235973
2505.005005 0.62570508450540352
2508.508509 0.6240124889624834
2512.012012 0.62176555621164553
2515.515516 0.61935918279321434
2519.019019 0.61721102566120256
2522.522523 0.61568897848785609
2526.026026 0.6150490774358125
2529.529530 0.61539385368904964
2533.033033 0.61665711486668173
2536.536537 0.61861676989661041
2540.040040 0.62093320700964205
2543.543544 0.62320711260273842
2547.047047 0.62504761151201127
2550.550551 0.62613955462671134
2554.054054 0.6262982686072559
2557.557558 0.62550168602162504
2561.061061 0.62389361751159678
2564.564565 0.62175740065953067
2568.068068 0.61946499133205091
2571.571572 0.61741125872600333
2575.075075 0.61594567134125655
2578.578579 0.61531335334520854
2582.082082 0.61561508229585538
2585.585586 0.6167920875847358
2589.089089 0.61863739166372611
2592.592593 0.62083149580112629
2596.096096 0.62299670775526106
2599.599600 0.62476150958180532
2603.103103 0.62582440092563874
2606.606607 0.6260061628384771
2610.110110 0.62528097657359349
2613.613614 0.62378040540475588
2617.117117 0.62176934881007584
2620.620621 0.61959854858829122
2624.124124 0.61764269169400465
2627.627628 0.61623554857503859
2631.131131 0.61561352980662798
2634.634635 0.61587689023022374
2638.138138 0.61697435874764073
2641.641642 0.61871305713093971
2645.145145 0.62079176695833771
2648.648649 0.62285219846938822
2652.152152 0.6245401050540218
2655.655656 0.62556619552970316
2659.159159 0.62575631522035768
2662.662663 0.62508175313319758
2666.166166 0.62366387644538146
2669.669670 0.62175208378963753
2673.173173 0.61967923925489343
2676.676677 0.6178030233299896
2680.180180 0.61644400453188586
2683.683684 0.61583130659909358
2687.187187 0.61606480830914312
2690.690691 0.617099586317296
2694.194194 0.61875457538187795
2697.697698 0.62074373868929567
2701.201201 0.62272472250224931
2704.704705 0.62435723048756875
2708.208208 0.62536151131263207
2711.711712 0.62556686696611785
2715.215215 0.62494137858951504
2718.718719 0.6235971931354547
2722.222222 0.62177024507970113
2725.725726 0.61977821190050697
2729.229229 0.61796462244282158
2732.732733 0.61663938707432653
2736.236236 0.61602619868664921
2739.739740 0.61622549839594309
2743.243243 0.61719866406719637
2746.746747 0.61877549822094302
2750.250250 0.62068351841213387
2753.753754 0.62259431143937716
2757.257257 0.62417953387286873
2760.760761 0.62516733700725491
2764.264264 0.62538949580920367
2767.767768 0.62481071959627077
2771.271271 0.62353459428389413
2774.774775 0.62178491349778053
2778.278278 0.61986587196796239
2781.781782 0.6181085874766965
2785.285285 0.61681375694153973
2788.788789 0.61620053009067932
2792.292292 0.6163700894929538
2795.795796 0.61728955757122761
2799.299299 0.61879840574384715
2802.802803 0.62063606255510562
2806.306306 0.62248624170553191
2809.809810 0.62403088028649611
2813.313313 0.62500479936425224
2816.816817 0.62524168303754202
2820.320320 0.62470308629182425
2823.823824 0.6234850012924783
2827.327327 0.62180062735283392
2830.830831 0.61994252918526649
2834.334334 0.6182312544017502
2837.837838 0.61695981445286852
2841.341341 0.61634379763901814
2844.844845 0.61648542882421276
2848.348348 0.61735716980070521
2851.851852 0.61880712959542361
2855.355355 0.62058516075695858
2858.858859 0.62238539926674474
2862.362362 0.62389841424959158
2865.865866 0.62486437233493231
2869.369369 0.62511808277224856
2872.872873 0.62461782396627841
2876.376376 0.62345253503556219
2879.879880 0.62182590524929171
2883.383383 0.62002028377435991
2886.886887 0.61834713151089415
2890.390390 0.61709307018684079
2893.893894 0.61647102780326091
2897.397397 0.6165846506400332
2900.900901 0.61741156140815701
2904.404404 0.61880782489411656
2907.907908 0.62053266391078232
2911.411411 0.62228939960136975
2914.914915 0.62377603034896745
2918.418418 0.62473711234198792
2921.921922 0.62500804032633317
2925.425425 0.62454378633357888
2928.928929 0.62342671408917094
2932.432432 0.62185188980622919
2935.935936 0.62009257089306391
2939.439439 0.61845228174711697
2942.942943 0.61721222457716096
2946.446446 0.61658329152506042
2949.949950 0.61667072880917517
2953.453453 0.61745702943704295
2956.956957 0.61880550733359863
2960.460460 0.62048375265630995
2963.963964 0.6222031411771981
2967.467467 0.6236680351847087
2970.970971 0.6246265661142868
2974.474474 0.62491429645308627
2977.977978 0.62448294684511629
2981.481481 0.62340882351318216
2984.984985 0.62187925576222847
2988.488488 0.62015950377369344
2991.991992 0.61854626598410889
2995.495495 0.61731626375553739
2998.998999 0.61667896915779596
3002.502503 0.61674142908286644
3006.006006 0.61749076928807689
3009.509510 0.61879692244217077
3013.013013 0.62043492854152682
3016.516517 0.62212316424759517
3020.020020 0.62357134014194504
3023.523524 0.6245303559768729
3027.027027 0.62483548071135853
3030.530531 0.62443514499034669
3034.034034 0.623399982514525
3037.537538 0.62191031856004164
3041.041041 0.62022436036784689
3044.544545 0.61863296689358582
3048.048048 0.61740923816736559
3051.551552 0.61676181919514383
3055.055055 0.61679979500445536
3058.558559 0.61751477782632269
3062.062062 0.61878282247526972
3065.565566 0.62038565995337192
3069.069069 0.62204777617635321
3072.572573 0.62348335722251791
3076.076076 0.62444536706503795
3079.579580 0.62476836774115407
3083.083083 0.62439744809782749
3086.586587 0.62339788434589505
3090.090090 0.62194361782421925
3093.593594 0.62028661200146362
3097.097097 0.6187127380976335
3100.600601 0.61749222046539343
3104.104104 0.61683339202366427
3107.607608 0.61684757897217368
3111.111111 0.61753074343255976
3114.614615 0.61876461375456737
3118.118118 0.62033692864363565
3121.621622 0.62197748067011227
3125.125125 0.62340414573416059
3128.628629 0.62437131860196549
3132.132132 0.62471248400359347
3135.635636 0.62436934681469503
3139.139139 0.62340211797249978
3142.642643 0.62197892702467217
3146.146146 0.62034624164934105
3149.649650 0.61878573631777878
3153.153153 0.61756545750961156
3156.656657 0.61689391502615021
3160.160160 0.61688487920312307
3163.663664 0.61753855036317695
3167.167167 0.61874192621018231
3170.670671 0.62028812503164976
3174.174174 0.62191149868605067
3177.677678 0.62333287160398931
3181.181181 0.62430746025084127
3184.684685 0.62466730029405171
3188.188188 0.62435064262404172
3191.691692 0.62341287531089895
3195.195195 0.62201682542013126
3198.698699 0.62040414845243885
3202.202202 0.61885305884021979
3205.705706 0.61763008827392751
3209.209209 0.61694440295725206
3212.712713 0.61691243744282354
3216.216216 0.61753855927669421
3219.719720 0.61871468910440042
3223.223223 0.62023876240744491
3226.726727 0.62184900625461648
3230.230230 0.62326850290458446
3233.733734 0.62425271087659129
3237.237237 0.62463184831803309
3240.740741 0.62434061884866898
3244.244244 0.623429784681508
3247.747748 0.62205732066583208
3251.251251 0.62046069177782659
3254.754755 0.61891533498208962
3258.258258 0.61768689262107812
3261.761762 0.61698565088817547
3265.265265 0.61693093564383827
3268.768769 0.61753123812894917
3272.272272 0.61868309790041853
3275.775776 0.62018875502591742
3279.279279 0.62178967641811478
3282.782783 0.6232105509181759
3286.286286 0.62420652305235591
3289.789790 0.62460562893282201
3293.293293 0.62433891575938616
3296.796797 0.62345268486437866
3300.300300 0.62210046764225146
3303.803804 0.62051611752761149
3307.307307 0.61897294087122734
3310.810811 0.61773629364651395
3314.314314 0.61701803983763415
3317.817818 0.61694063479044836
3321.321321 0.61751667513105535
3324.824825 0.61864704966393946
3328.328328 0.620137827611972
3331.831832 0.62173311364369421
3335.335335 0.62315857527158713
3338.838839 0.62416849602389735
3342.342342 0.62458835844011951
3345.845846 0.62434542235399937
3349.349349 0.6234816608369268
3352.852853 0.62214653398962405
3356.356356 0.6205708289170847
3359.859860 0.61902634359438991
3363.363363 0.61777873947238915
3366.866867 0.61704192010650238
3370.370370 0.61694172645018608
3373.873874 0.61749487062390607
3377.377377 0.61860635480084514
3380.880881 0.62008563520233972
3384.384384 0.62167887916539222
3387.887888 0.62311212092829116
3391.391391 0.62413823802304313
3394.894895 0.62457977548060495
3398.398398 0.62436005028921227
3401.901902 0.62351680786841635
3405.405405 0.62219577583354557
3408.908909 0.62062519179576581
3412.412412 0.61907594936517685
3415.915916 0.61781460225972185
3419.419419 0.61705756392425615
3422.922923 0.61693433713268819
3426.426426 0.61746578730985191
3429.929930 0.61856082436940407
3433.433433 0.62003187683220995
3436.936937 0.62162661946388353
3440.440440 0.62307084997948137
3443.943944 0.62411549083909101
3447.447447 0.62457974948158279
3450.950951 0.62438281939406759
3454.454454 0.62355828963131088
3457.957958 0.62224846641851095
3461.461461 0.62067953400776221
3464.964965 0.61912207586780943
3468.468468 0.61784412753830431
3471.971972 0.617065097156414
3475.475475 0.61691844875682911
3478.978979 0.61742926641511731
3482.482482 0.61851018894974341
3485.985986 0.61997622369003336
3489.489489 0.62157600933310198
3492.992993 0.6230345038136168
3496.496496 0.62410011345763583
3500.000000 0.62458828607603101
