0 0 0 0 0 0.10828685419524205 0.68841179217092596 0 0
1 -1 0 0 0 -0.033385811563591855 0.096804776787320024 0 0
2 1 0 0 0 -0.038043059691108383 0.094929934247920886 0 0
3 -2 0 0 0 0.027526066148410303 -0.088078154378468151 0 0
4 2 0 0 0 0.035940192968855082 -0.084758182232917312 0 0
5 -3 0 0 0 -0.020438962965267513 0.073924032750619234 0 0
6 3 0 0 0 -0.030982400092802568 0.069917088692506027 0 0
7 -4 0 0 0 0.013142010517013024 -0.055957172086265224 0 0
8 4 0 0 0 0.023773410586798886 -0.052171478282776691 0 0
9 -5 0 0 0 -0.0065830729756603491 0.036230786402811556 0 0
10 5 0 0 0 -0.015241261093195067 0.033511678774473252 0 0
11 -6 0 0 0 0.001485671407258364 -0.016948747157637778 0 0
12 6 0 0 0 0.0064887642788005904 -0.015881911524042048 0 0
13 -7 0 0 0 0.0017568462626661634 0.00015464100500437483 0 0
14 7 0 0 0 0.0013839944582526894 0.00093235884582378438 0 0
15 -8 0 0 0 -0.0031197844242885427 0.012552852657296172 0 0
16 8 0 0 0 -0.0074535241424495535 0.01017079298357287 0 0
17 -9 0 0 0 0.002913405267319973 -0.020232255858999425 0 0
18 9 0 0 0 0.011112881611326821 -0.016854116591672928 0 0
19 -10 0 0 0 -0.0016867805719089789 0.022704874797277001 0 0
20 10 0 0 0 -0.012154276787903609 0.019155088308684374 0 0
21 -11 0 0 0 9.1331095280802735e-05 -0.020537260195557287 0 0
22 11 0 0 0 0.010781806506132655 -0.017654325688816919 0 0
23 -12 0 0 0 0.0012661059573126077 0.014905357072137321 0 0
24 12 0 0 0 -0.0075546212492750373 0.013338889228605875 0 0
25 -13 0 0 0 -0.0019494951839888652 -0.0073657929403327469 0 0
26 13 0 0 0 0.0032731497697107751 -0.0074222915347483629 0 0
27 -14 0 0 0 0.0017732185547067955 -0.00042405645846876634 0 0
28 14 0 0 0 0.0011694120815673587 0.0011509458056593385 0 0
29 -15 0 0 0 -0.00081999870505848821 0.006986970686717729 0 0
30 15 0 0 0 -0.0049429346184480718 0.0043739021180397375 0 0
31 -16 0 0 0 -0.0006040140173141571 -0.011258212874660188 0 0
32 16 0 0 0 0.0074160252174749267 -0.0083346253437188572 0 0
33 -17 0 0 0 0.0020641133632188376 0.012729735120046635 0 0
34 17 0 0 0 -0.0082489090799000488 0.010279921734907022 0 0
35 -18 0 0 0 -0.0031180127841394325 -0.011484130370695404 0 0
36 18 0 0 0 0.007429579520683567 -0.010145263375575461 0 0
37 -19 0 0 0 0.0034336056601080166 0.0081176583032485389 0 0
38 19 0 0 0 -0.00525005385947931 0.0082142510507239933 0 0
39 -20 0 0 0 -0.0028754903018627189 -0.003572931911571989 0 0
40 20 0 0 0 0.0022303972981568177 -0.005032350563511011 0 0
41 -21 0 0 0 0.0015400236716761983 -0.0010813375985192692 0 0
42 21 0 0 0 0.00099289903925747097 0.0012903764964888773 0 0
43 -22 0 0 0 0.00026883876866992516 0.0048771536771313436 0 0
44 22 0 0 0 -0.0037920953937060414 0.0023020656706623905 0 0
45 -23 0 0 0 -0.0021163484768094484 -0.00713483853829184 0 0
46 23 0 0 0 0.0056635893407337946 -0.0051332936385818217 0 0
47 -24 0 0 0 0.0035470772636860444 0.0075756623371033187 0 0
48 24 0 0 0 -0.0063131799788495131 0.0067797025107045545 0 0
49 -25 0 0 0 -0.0042008272798202346 -0.0063409111614373195 0 0
50 25 0 0 0 0.0056974213939259711 -0.0070579670895108554 0 0
51 -26 0 0 0 0.0039052629231784135 0.0039194293299308538 0 0
52 26 0 0 0 -0.0040159951592778995 0.006034454676379121 0 0
53 -27 0 0 0 -0.0027217156354954501 -0.001005256902446867 0 0
54 27 0 0 0 0.0016592475490738996 -0.0039937801324787837 0 0
55 -28 0 0 0 0.000932012867527885 -0.001678712821486362 0 0
56 28 0 0 0 0.0008769451039318673 0.0013744510911746588 0 0
57 -29 0 0 0 0.0010312014066499906 0.003549181264947022 0 0
58 29 0 0 0 -0.0030914053381161863 0.0013159858412472806 0 0
59 -30 0 0 0 -0.002693857510298321 -0.0042847351491244728 0 0
60 30 0 0 0 0.0045734643678581261 -0.003591518778962151 0 -0
61 -31 0 0 0 0.0036622434610023612 0.0038759517117253062 0 0
62 31 0 0 0 -0.0050765891743282023 0.00506914029010966 0 0
63 -32 0 0 0 -0.0037258377331012365 -0.0025952718034705749 0 0
64 32 0 0 0 0.0045570267125667812 -0.0055285695584558012 0 -0
65 -33 0 0 0 0.0029135079875475607 0.00089816572726272685 0 0
66 33 0 0 0 -0.0031718004562936333 0.0049415865782068144 0 0
67 -34 0 0 0 -0.0014861164836700237 0.00071619013678751709 0 0
68 34 0 0 0 0.0012382991061017838 -0.0034675182729900869 0 -0
69 -35 0 0 0 -0.00013589732205080386 -0.0018464381916887995 0 0
70 35 0 0 0 0.00083512579182934681 0.0014169729373200029 0 0
71 -36 0 0 0 0.0014943052088683053 0.0022932460190952918 0 0
72 36 0 0 0 -0.0026330019050590696 0.00080899437084127061 0 0
73 -37 0 0 0 -0.0022332588313807157 -0.0020947335807927022 0 0
74 37 0 0 0 0.0038142699629443522 -0.0027932612395971689 0 -0
75 -38 0 0 0 0.0022158095488044966 0.0014784051281791783 0 0
76 38 0 0 0 -0.0041758258655401909 0.0041775309153409589 0 0
77 -39 0 0 0 -0.0015704627879952089 -0.00074020974007964278 0 0
78 39 0 0 0 0.0036864155694390564 -0.0047248499823329482 0 -0
79 -40 0 0 0 0.00063021096631674437 9.5972001843362819e-05 0 0
80 40 0 0 0 -0.0024853704137417394 0.0043591365026929875 0 0
81 -41 0 0 0 0.00023594048156596489 0.00041267140541846733 0 0
82 41 0 0 0 0.0008476982462624137 -0.0031751544648262455 0 -0
83 -42 0 0 0 -0.00081924869528567502 -0.00087368345849822017 0 0
84 42 0 0 0 0.00087641611815713553 0.0014175415448272055 0 0
85 -43 0 0 0 0.0011422025838418741 0.0013330189495261676 0 0
86 43 0 0 0 -0.0023348536277968969 0.00056706818098422815 0 0
87 -44 0 0 0 -0.0013227045395847021 -0.0016673346976130994 0 0
88 44 0 0 0 0.0032445468221944771 -0.0023960145235417092 0 -0
89 -45 0 0 0 0.0013799526142268578 0.0016678499725975547 0 0
90 45 0 0 0 -0.0034460681397174594 0.0037225998615097317 0 0
91 -46 0 0 0 -0.0012104986328479394 -0.0012484538537966994 0 0
92 46 0 0 0 0.0029313287796826227 -0.0043008763693615382 0 -0
93 -47 0 0 0 0.00073498014058508978 0.0005413878472711719 0 0
94 47 0 0 0 -0.0018395651687810302 0.0040312402045323973 0 0
95 -48 0 0 0 -2.5607668234050634e-05 0.00019328791931407481 0 0
96 48 0 0 0 0.00042331814318750314 -0.0029782817838110167 0 -0
97 -49 0 0 0 -0.00070187975825109221 -0.00072700382316105445 0 0
98 49 0 0 0 0.0010078252657880929 0.0013574239844956167 0 0
99 -50 0 0 0 0.0011984598429613462 0.00096501851910358975 0 0
100 50 0 0 0 -0.0021535758326452622 0.00050729112779254737 0 0
101 -51 0 0 0 -0.0013047791155566218 -0.00095151014523200126 0 0
102 51 0 0 0 0.0027853940934970127 -0.0022464024730192338 0 -0
103 -52 0 0 0 0.0010190382734022066 0.00080314527894400061 0 0
104 52 0 0 0 -0.0027921502134180122 0.0035172255963151797 0 0
105 -53 0 0 0 -0.00048465763498439139 -0.00062214709152565108 0 0
106 53 0 0 0 0.0021998260758741496 -0.0040711341348537988 0 -0
107 -54 0 0 0 -8.8593348549450394e-05 0.00043845021664200507 0 0
108 54 0 0 0 -0.0011616902550183078 0.0038027467926490628 0 0
109 -55 0 0 0 0.00052737025724053409 -0.00021149960160150429 0 0
110 55 0 0 0 -7.8345080347079314e-05 -0.0027711571344946955 0 0
111 -56 0 0 0 -0.0007661128672457598 -0.00011067148213421557 0 0
112 56 0 0 0 0.0012408378531698014 0.0011886791858852855 0 0
113 -57 0 0 0 0.00084544648117343294 0.00051541996613351003 0 0
114 57 0 0 0 -0.0020722424516505249 0.00062105730726821949 0 0
115 -58 0 0 0 -0.00084064449328116037 -0.00089397359843007953 0 0
116 58 0 0 0 0.002399311081074028 -0.0022876786853135459 0 -0
117 -59 0 0 0 0.00077835676924035003 0.0010925483555105494 0 0
118 59 0 0 0 -0.0021648268654394483 0.0034686269755378617 0 0
119 -60 0 0 0 -0.00061671636747785892 -0.0010163771746468488 0 0
120 60 0 0 0 0.00143722202942821 -0.003918780058580114 0 -0
121 -61 0 0 0 0.00030884937651389546 0.00070032668270539171 0 0
122 61 0 0 0 -0.00039241932390514416 0.0035409372724438466 0 0
123 -62 0 0 0 0.00011417423974503729 -0.00028279712666371906 0 0
124 62 0 0 0 -0.00072765491289582143 -0.0024066264166539919 0 0
125 -63 0 0 0 -0.00052595103381198856 -9.1368744610895766e-05 0 0
126 63 0 0 0 0.0016703423399912303 0.00074259094334259187 0 0
127 -64 0 0 0 0.00077201358566426133 0.00035336030526528559 0 0
128 64 0 0 0 -0.0022288091027154746 0.0011146889633922164 0 0
129 -65 0 0 0 -0.00076404007535951649 -0.00051861386893421149 0 0
130 65 0 0 0 0.0022872283129835229 -0.00278742907674833 0 -0
131 -66 0 0 0 0.00052870370233267178 0.00063127750579747624 0 0
132 66 0 0 0 -0.0018446059604490005 0.0039339983786998815 0 0
