0 0 0 6.000000 0.48592024903732911
1 -1 0 5.844996 0.010416832697268157
2 1 0 6.159151 0.010429763753778123
3 -2 0 5.694469 0.0084589750794695912
4 2 0 6.322145 0.0084772620785729461
5 -3 0 5.548773 0.0058552786672505372
6 3 0 6.488703 0.0058690962640203775
7 -4 0 5.408289 0.0033065191454542653
8 4 0 6.658566 0.0033104429028167409
9 -5 0 5.273425 0.001373959407536143
10 5 0 6.831498 0.0013700306737029553
11 -6 0 5.144615 0.00030374603973295524
12 6 0 7.007282 0.00029888481513646041
13 -7 0 5.022317 2.750717842751028e-06
14 7 0 7.185718 2.807844173842902e-06
15 -8 0 4.907009 0.00015535501113126082
16 8 0 7.366625 0.00016056278455892523
17 -9 0 4.799189 0.00040694658088459947
18 9 0 7.549836 0.00041222593532515473
19 -10 0 4.699366 0.00051994611372028164
20 10 0 7.735198 0.00051955937994410933
21 -11 0 4.608052 0.0004370881689123988
22 11 0 7.922570 0.00042967402477273693
23 -12 0 4.525757 0.00024342971283757936
24 12 0 8.111825 0.00023325452344048295
25 -13 0 4.452977 7.0057300565464102e-05
26 13 0 8.302845 6.3480473687668322e-05
27 -14 0 4.390180 2.7499390639888005e-06
28 14 0 8.495523 2.8508071977319178e-06
29 -15 0 4.337796 4.2331598891897891e-05
30 15 0 8.689759 4.6178668643488665e-05
31 -16 0 4.296203 0.00012526559592723136
32 16 0 8.885463 0.00012617201888789702
33 -17 0 4.265713 0.00017785214395815599
34 17 0 9.082551 0.00017086848476466048
35 -18 0 4.246564 0.0001641921339888374
36 18 0 9.280949 0.0001503601537796819
37 -19 0 4.238909 0.00010032316640259921
38 19 0 9.480585 8.6109834184013733e-05
39 -20 0 4.242809 3.2903258321771166e-05
40 20 0 9.681394 2.5099525767006492e-05
41 -21 0 4.258233 2.7676026568593351e-06
42 21 0 9.883318 2.884367293760219e-06
43 -22 0 4.285058 1.9203825272416234e-05
44 22 0 10.086302 2.1960611540260587e-05
45 -23 0 4.323072 5.9375748697699337e-05
46 23 0 10.290295 5.6698696193670426e-05
47 -24 0 4.371986 8.8858475208044216e-05
48 24 0 10.495252 7.6353669577125982e-05
49 -25 0 4.431442 8.6399939091358154e-05
50 25 0 10.701128 6.7125696184963036e-05
51 -26 0 4.501026 5.601512280338321e-05
52 26 0 10.907886 3.8364376687586946e-05
53 -27 0 4.580280 2.0397076897970235e-05
54 27 0 11.115488 1.1553858561594723e-05
55 -28 0 4.668717 2.7952847957136241e-06
56 28 0 11.323901 2.8756452611151895e-06
57 -29 0 4.765830 1.1106217778736544e-05
58 29 0 11.533094 1.2748033381044911e-05
59 -30 0 4.871106 3.4542190718443699e-05
60 30 0 11.743038 2.8501790995182308e-05
61 -31 0 4.984034 5.3443734655004558e-05
62 31 0 11.953707 3.5939087508286705e-05
63 -32 0 5.104113 5.3891870961434568e-05
64 32 0 12.165077 2.9859900696264547e-05
65 -33 0 5.230857 3.657952342076815e-05
66 33 0 12.377124 1.6074081503363522e-05
67 -34 0 5.363801 1.4575653511414749e-05
68 34 0 12.589829 4.9351106184426041e-06
69 -35 0 5.502504 2.8165306854555253e-06
70 35 0 12.803171 2.7222414381362073e-06
71 -36 0 5.646548 7.4967346574251694e-06
72 36 0 13.017133 7.7495110097109305e-06
73 -37 0 5.795545 2.2696900308025977e-05
74 37 0 13.231699 1.3318452980716031e-05
75 -38 0 5.949130 3.5806504050023273e-05
76 38 0 13.446853 1.3975436323145409e-05
77 -39 0 6.106967 3.7051777868975323e-05
78 39 0 13.662582 9.5225805009806567e-06
79 -40 0 6.268744 2.6067219480532954e-05
80 40 0 13.878872 3.9687087177342801e-06
81 -41 0 6.434172 1.1210355012271033e-05
82 41 0 14.095713 1.2502143944437146e-06
83 -42 0 6.602987 2.8068175862209261e-06
84 42 0 14.313092 1.981087454163003e-06
85 -43 0 6.774946 5.6536754229317961e-06
86 43 0 14.531001 3.8484893730903809e-06
87 -44 0 6.949825 1.6135520299802012e-05
88 44 0 14.749430 4.4697026925589475e-06
89 -45 0 7.127420 2.5569108329735043e-05
90 45 0 14.968370 3.4275735265917287e-06
91 -46 0 7.307543 2.6845164994394606e-05
92 46 0 15.187814 1.7863207539912993e-06
93 -47 0 7.490023 1.9355744707078034e-05
94 47 0 15.407755 5.1898828719143463e-07
95 -48 0 7.674701 8.8464723582513238e-06
96 48 0 15.628187 1.7802939569830153e-08
97 -49 0 7.861434 2.7359986728788983e-06
98 49 0 15.849104 5.3141924663818876e-07
99 -50 0 8.050090 4.6396042034024098e-06
100 50 0 16.070502 1.9457051118778021e-06
101 -51 0 8.240549 1.2095767546457636e-05
102 51 0 16.292374 3.2456367908281032e-06
103 -52 0 8.432698 1.8866210545775573e-05
104 52 0 16.514719 3.2313501532944426e-06
105 -53 0 8.626438 1.9772769731114784e-05
106 53 0 16.737531 1.8876976354884457e-06
107 -54 0 8.821674 1.4362634215786681e-05
108 54 0 16.960808 4.4738541458751229e-07
109 -55 0 9.018321 6.8348915534190117e-06
110 55 0 17.184546 3.5223989884020379e-08
111 -56 0 9.216301 2.5800954665586317e-06
112 56 0 17.408745 6.0706176676441239e-07
113 -57 0 9.415542 4.1286164657122756e-06
114 57 0 17.633402 1.2817132594308967e-06
115 -58 0 9.615976 9.5247693292376265e-06
116 58 0 17.858515 1.4079833727891359e-06
117 -59 0 9.817544 1.4138423929422314e-05
118 59 0 18.084083 1.0685924526950816e-06
119 -60 0 10.020189 1.4320963959188918e-05
120 60 0 18.310105 6.6757935947679575e-07
121 -61 0 10.223859 1.006511974257382e-05
122 61 0 18.536582 3.8123043649947624e-07
123 -62 0 10.428507 4.7649644579527768e-06
124 62 0 18.763512 1.8798805524960339e-07
125 -63 0 10.634089 2.4531176655685343e-06
126 63 0 18.990896 1.9899560003338334e-07
127 -64 0 10.840565 4.7381360359371767e-06
128 64 0 19.218734 5.8318132204714595e-07
129 -65 0 11.047896 9.7365708930924056e-06
130 65 0 19.447026 1.1497385146613406e-06
131 -66 0 11.256049 1.3657479191626439e-05
132 66 0 19.675775 1.3648916914512776e-06
