0.000000 0.62919349849487627
3.503504 0.62815463973296615
7.007007 0.62662951079148221
10.510511 0.62488135979094761
14.014014 0.62321113214061508
17.517518 0.62190560167244047
21.021021 0.62118834090862174
24.524525 0.62118178073361063
28.028028 0.62188657336040642
31.531532 0.62318156736396702
35.035035 0.62484438100747786
38.538539 0.62658924472453637
42.042042 0.62811589707558757
45.545546 0.6291613044124762
49.049049 0.62954525639199044
52.552553 0.62920174652068528
56.056056 0.62819046285904279
59.559560 0.6266862934500067
63.063063 0.62494877414760297
66.566567 0.62327702163277698
70.070070 0.62195816981429997
73.573574 0.62121825017542243
77.077077 0.6211837940346282
80.580581 0.62186045893701747
84.084084 0.62313211760132714
87.587588 0.62478054547702022
91.091091 0.62652252708384015
94.594595 0.62805829357285847
98.098098 0.62912314773342504
101.601602 0.62953335377311992
105.105105 0.62921815471733034
108.608609 0.62823212814299922
112.112112 0.62674562263731204
115.615616 0.62501502641359719
119.119119 0.62333825846620738
122.622623 0.62200340295271406
126.126126 0.62123940084443308
129.629630 0.62117712041192241
133.133133 0.62182720851206785
136.636637 0.62307829650546176
140.140140 0.62471584625330379
143.643644 0.62645859902159151
147.147147 0.62800665551114476
150.650651 0.62909311260714973
154.154154 0.62953034095211924
157.657658 0.62924270301951757
161.161161 0.62827979623237284
164.664665 0.62680779728122704
168.168168 0.62508048734264499
171.671672 0.62339520812929339
175.175175 0.62204158863419279
178.678679 0.62125194811670892
182.182182 0.62116175674021412
185.685686 0.62178666775408664
189.189189 0.62301983719106302
192.692693 0.62464996655688276
196.196196 0.62639716836038994
199.699700 0.62796078698828872
203.203203 0.62907115380050049
206.706707 0.62953634899635369
210.210210 0.6292756894626611
213.713714 0.62833388824995218
217.217217 0.62687329023678129
220.720721 0.62514559513913914
224.224224 0.62344818825779158
227.727728 0.62207285415069002
231.231231 0.62125578835696382
234.734735 0.62113736521808149
238.238238 0.62173830067245006
241.741742 0.62295607591383284
245.245245 0.62458220910427398
248.748749 0.62633760733490718
252.252252 0.62792022488907528
255.755756 0.62905704430547293
259.259259 0.62955142286705057
262.762763 0.62931742537828228
266.266266 0.62839493616727271
269.769770 0.62694277653803798
273.273273 0.6252110721059958
276.776777 0.62349787076169927
280.280280 0.62209773747996711
283.783784 0.62125126895077654
287.287287 0.62110408024525587
290.790791 0.62168204150750905
294.294294 0.62288678943473619
297.797798 0.62451225522111076
301.301301 0.62627956968342657
304.804805 0.6278846549607382
308.308308 0.62905054135697414
311.811812 0.62957540330175898
315.315315 0.62936781825185295
318.818819 0.62846287379471932
322.322322 0.62701616282107442
325.825826 0.62527674515431109
329.329329 0.6235439658781845
332.832833 0.6221158231207905
336.336336 0.62123787477116987
339.839840 0.62106134889843156
343.343343 0.6216173902773604
346.846847 0.62281163690197194
350.350350 0.6244400266576593
353.853854 0.62622332057887009
357.357357 0.62785472579443413
360.860861 0.62905266324507747
364.364364 0.62960960607980443
367.867868 0.629428355488997
371.371371 0.62853919484952769
374.874875 0.62709476588241431
378.378378 0.6253435784414938
381.881882 0.6235869421166641
385.385385 0.62212699458897658
388.888889 0.6212148822115825
392.392392 0.62100788983268496
395.895896 0.62154262342317457
399.399399 0.62272862010716135
402.902903 0.62436344939468136
406.406406 0.62616691577905703
409.909910 0.627828810403677
413.413413 0.62906224796289667
416.916917 0.62965342687255355
420.420420 0.62949902142707248
423.923924 0.62862444426633779
427.427427 0.62717961515653964
430.930931 0.62541297859227496
434.434434 0.62362846368181035
437.937938 0.62213305877102776
441.441441 0.62118414238414044
444.944945 0.620945520811924
448.448448 0.62145946563224541
451.951952 0.62263931990494736
455.455455 0.62428390702707304
458.958959 0.62611147488026964
462.462462 0.62780767831170747
465.965966 0.62907961077455543
469.469469 0.62970661390259708
472.972973 0.6295788928808469
476.476476 0.6287169535279804
479.979980 0.62726827667028706
483.483483 0.62548180035057288
486.986987 0.62366481613811464
490.490490 0.622129965609309
493.993994 0.6211415859256143
497.497497 0.62087053060040387
501.001001 0.62136496858913282
504.504505 0.62254193975344241
508.008008 0.62420107925739632
511.511512 0.62605836638882373
515.015015 0.62779444795920103
518.518519 0.62910950526564213
522.022022 0.6297752611821289
525.525526 0.62967494858959705
529.029029 0.62882400992566256
532.532533 0.62736770643875417
536.036036 0.62555603006898597
539.539540 0.62370044351380982
543.043043 0.62212016516081925
546.546547 0.62108737881413967
550.050050 0.62078069556886517
553.553554 0.62125460372816177
557.057057 0.62242991116433966
560.560561 0.6241067804645174
564.064064 0.62599833568342134
567.567568 0.62777942959382371
571.071071 0.62914248212240076
574.574575 0.62985083173899581
578.078078 0.62978018895330801
581.581582 0.62894069179578083
585.085085 0.6274754874304509
588.588589 0.62563604780089455
592.092092 0.62373866847280091
595.595596 0.62210991318097908
599.099099 0.62103053814907705
602.602603 0.62068745161635908
606.106106 0.62114170314870953
609.609610 0.62231775433504544
613.113113 0.62401583135695604
616.616617 0.62594546306601839
620.120120 0.62777482177818789
623.623624 0.6291876977412395
627.127127 0.62993836497041744
630.630631 0.62989466375299397
634.134134 0.6290615019257475
637.637638 0.62758042662641655
641.141141 0.62570528493144484
644.644645 0.62375835563132176
648.148148 0.6220747811886278
651.651652 0.6209450154008348
655.155155 0.62056509929381287
658.658659 0.62100304527337191
662.162162 0.62218685016951236
665.665666 0.6239161527424153
669.169169 0.62589577017438602
672.672673 0.62778575420496641
676.176176 0.62925970086079075
679.679680 0.6300613582896516
683.183183 0.63004955688934117
686.686687 0.62922332748544851
690.190190 0.62772255537971422
693.693694 0.6258039824839805
697.197197 0.62379687506727588
700.700701 0.62204627313459004
704.204204 0.62085375191509307
707.707708 0.62042580372477796
711.211211 0.62083844127310395
714.714715 0.62202383825031471
718.218218 0.6237812511476043
721.721722 0.62581058762777642
725.225225 0.62776327371198071
728.728729 0.62930203610351387
732.232232 0.63015940513830337
735.735736 0.63018463419429938
739.239239 0.62937054003907589
742.742743 0.62785528886567155
746.246246 0.62589872337586383
749.749750 0.62383748355755364
753.253253 0.62202693547588395
756.756757 0.62078007612635855
760.260260 0.62031385048594612
763.763764 0.62071184062520512
767.267267 0.62190947490694393
770.770771 0.62370425740027924
774.274274 0.6257895234441242
777.777778 0.62780637078419532
781.281281 0.62940522544344457
784.784785 0.63030655063437824
788.288288 0.63035000234640948
791.791792 0.62952312119354503
795.295295 0.6279642324104695
798.798799 0.62593893306447301
802.302302 0.62379438248801455
805.805806 0.62189955422113419
809.309309 0.62058190508315814
812.812813 0.62007126929610112
816.316316 0.62046033003372159
819.819820 0.6216881742675936
823.323323 0.62354970962560652
826.826827 0.62572961144398231
830.330330 0.62785546403385351
833.833834 0.62956140229523405
837.337337 0.63055144501802141
840.840841 0.63065138177610947
844.344344 0.62983981302077308
847.847848 0.62825257711010629
851.351351 0.62615965406060559
854.854855 0.62391868642821657
858.358358 0.62191342703072594
861.861862 0.62048790806817278
865.365365 0.61988758941618061
868.868869 0.62021730986080137
872.372372 0.62142295979457463
875.875876 0.62329994884703155
879.379379 0.62552727741684555
882.882883 0.62772184699519162
886.386386 0.62950411899545278
889.889890 0.63056397319350466
893.393393 0.63071519117429964
896.896897 0.62992870178449567
900.400400 0.62833841641667587
903.903904 0.62621847266604524
907.407407 0.62393594456491142
910.910911 0.62188745401641332
914.414414 0.62043078941476693
917.917918 0.61982323492903735
921.421421 0.62017694169761006
924.924925 0.62143874681649214
928.428428 0.62339789827132974
931.931932 0.62572070238993527
935.435435 0.62800670529733849
938.938939 0.62985724576896818
942.442442 0.63094474127657774
945.945946 0.63107051141322357
949.449449 0.63020064717259761
952.952953 0.62847325199481918
956.456456 0.62617560376523329
959.959960 0.6236953071243605
963.463463 0.62145414205163541
966.966967 0.61983617093974019
970.470470 0.61912234825413859
973.973974 0.61944249536975315
977.477477 0.62075250211707211
980.980981 0.62284055625379375
984.484484 0.62536162852582
987.987988 0.62789488672565164
991.491491 0.63001476725821759
994.994995 0.63136376803099126
998.498498 0.63171428413052844
1002.002002 0.63100837442466806
1005.505506 0.62936812533745423
1009.009009 0.62707459916753727
1012.512513 0.62451911502326929
1016.016016 0.62213559011091935
1019.519520 0.62032588876776007
1023.023023 0.61939108931408038
1026.526527 0.61948030571005941
1030.030030 0.62056559447769855
1033.533534 0.62244712634781529
1037.037037 0.62478784790247388
1040.540541 0.6271719634136802
1044.044044 0.62917743471594501
1047.547548 0.63045004710720387
1051.051051 0.63076602649490543
1054.554555 0.63007199835005512
1058.058058 0.62849503495881787
1061.561562 0.62632090493874948
1065.065065 0.62394433250732761
1068.568569 0.62179996944579674
1072.072072 0.62028601780684023
1075.575576 0.61969357869231934
1079.079079 0.62015381358393518
1082.582583 0.62161214230993345
1086.086086 0.62383437697759125
1089.589590 0.6264444409793235
1093.093093 0.62898785240070931
1096.596597 0.631010358725412
1100.100100 0.63213797779902681
1103.603604 0.63214404274545566
1107.107107 0.63099099974639739
1110.610611 0.6288393191892897
1114.114114 0.62602196472767901
1117.617618 0.62298908905102979
1121.121121 0.62023273079957864
1124.624625 0.61820443043032813
1128.128128 0.6172395557462903
1131.631632 0.61750084943707395
1135.135135 0.61895061826794784
1138.638639 0.62135648651488684
1142.142142 0.62433022616567679
1145.645646 0.62739353459897329
1149.149149 0.63005968611688901
1152.652653 0.63191678702931986
1156.156156 0.6326977691947413
1159.659660 0.63232456280104332
1163.163163 0.63091865047870765
1166.666667 0.62877635035723545
1170.170170 0.62631338943700154
1173.673674 0.62398848769876269
1177.177177 0.62221910328837482
1180.680681 0.62130392754199615
1184.184184 0.62136608458276132
1187.687688 0.62232819754242885
1191.191191 0.62392550158936289
1194.694695 0.62575634856859541
1198.198198 0.62736179004039905
1201.701702 0.62831919371586009
1205.205205 0.62833104387952488
1208.708709 0.62729062935617041
1212.212212 0.62531133063872002
1215.715716 0.62271422414314048
1219.219219 0.61997725494120615
1222.722723 0.6176558905083801
1226.226226 0.6162886865814492
1229.729730 0.61630184636431318
1233.233233 0.61792596822629242
1236.736737 0.62113704273734771
1240.240240 0.62563260336656301
1243.743744 0.63085168257460467
1247.247247 0.63604228371263405
1250.750751 0.64037171864820852
1254.254254 0.64306462259125441
1257.757758 0.64354398470678587
1261.261261 0.64154610580518823
1264.764765 0.63718374085399454
1268.268268 0.63094265776175418
1271.771772 0.62361214887118266
1275.275275 0.61616456883937376
1278.778779 0.60960815940177682
1282.282282 0.60483924665404154
1285.785786 0.60251558826926421
1289.289289 0.60296561184779918
1292.792793 0.60614196433204703
1296.296296 0.61162372775604779
1299.799800 0.61866889373964196
1303.303303 0.62631484551566174
1306.806807 0.63351789174630491
1310.310310 0.63931384232889943
1313.813814 0.64297325616386058
1317.317317 0.64412146435358808
1320.820821 0.6427977109284948
1324.324324 0.63943966470619862
1327.827828 0.63479578824137173
1331.331331 0.62978349133266709
1334.834835 0.62532114663957883
1338.338338 0.62216490284212489
1341.841842 0.6207776911348345
1345.345345 0.6212505107887053
1348.848849 0.62328751857020948
1352.352352 0.62625776426862767
1355.855856 0.62930740309313027
1359.359359 0.63151654532775281
1362.862863 0.63207550022862147
1366.366366 0.63044862585520711
1369.869870 0.62649352457218743
1373.373373 0.62051081241597128
1376.876877 0.61321408820121692
1380.380380 0.60562693754348296
1383.883884 0.59892835413911305
1387.387387 0.59427558884359366
1390.890891 0.59263311759849846
1394.394394 0.59463055977725077
1397.897898 0.60046508604014126
1401.401401 0.60985832182839605
1404.904905 0.62207440460213048
1408.408408 0.63600243063831552
1411.911912 0.65030004689299548
1415.415415 0.66358425092317308
1418.918919 0.67464267511146414
1422.422422 0.68262844975075865
1425.925926 0.68719897609089775
1429.429429 0.68856582069461247
1432.932933 0.68743790748857392
1436.436436 0.68485896883095709
1439.939940 0.68195844011353579
1443.443443 0.67965040174759339
1446.946947 0.67832792422641963
1450.450450 0.67761070733098538
1453.953954 0.67621011907051365
1457.457457 0.67197174220735856
1460.960961 0.66213381240623326
1464.464464 0.64379654624087834
1467.967968 0.61453747303757578
1471.471471 0.57304784317792357
1474.974975 0.5196285625830398
1478.478478 0.45639224541496809
1481.981982 0.38707893088861872
1485.485485 0.31649449996820977
1488.988989 0.24969176521391501
1492.492492 0.1910953825646842
1495.995996 0.14379167792498176
1499.499499 0.10915342872793807
1503.003003 0.08686485395995415
1506.506507 0.075291543128179719
1510.010010 0.072047084230818292
1513.513514 0.074573592571425332
1517.017017 0.080583623089822587
1520.520521 0.088287016495534332
1524.024024 0.096413468295682467
1527.527528 0.10410564407326196
1531.031031 0.11077854526571361
1534.534535 0.11601939629732118
1538.038038 0.11955669427751811
1541.541542 0.12128200667569562
1545.045045 0.12128307019948414
1548.548549 0.11984824173071576
1552.052052 0.11742354010134295
1555.555556 0.1145300409967861
1559.059059 0.11166760246940528
1562.562563 0.10923411834262398
1566.066066 0.10747960529643923
1569.569570 0.10649899098034103
1573.073073 0.10625470058639808
1576.576577 0.1066147313233857
1580.080080 0.10739365844424359
1583.583584 0.10838934157428685
1587.087087 0.10941290949782274
1590.590591 0.11031169189456934
1594.094094 0.11098447732909908
1597.597598 0.11138767412948902
1601.101101 0.11153134056604459
1604.604605 0.11146600594881553
1608.108108 0.11126372578093922
1611.611612 0.11099841615530223
1615.115115 0.11073028412820883
1618.618619 0.11049729478451284
1622.122122 0.11031410842127848
1625.625626 0.11017690095833185
1629.129129 0.11007152406712005
1632.632633 0.10998244620344176
1636.136136 0.10990034759708579
1639.639640 0.10982673563895583
1643.143143 0.10977447809711051
1646.646647 0.10976393363040399
1650.150150 0.10981549849592961
1653.653654 0.10994063390015814
1657.157157 0.11013424428291516
1660.660661 0.11037114304723579
1664.164164 0.11060817920934614
1667.667668 0.11079184019725842
1671.171171 0.11086952128212588
1674.674675 0.11080176756793639
1678.178178 0.1105728150301829
1681.681682 0.11019739134690128
1685.185185 0.10972251493358794
1688.688689 0.10922365615483511
1692.192192 0.10879514953554355
1695.695696 0.10853544555505232
1699.199199 0.1085288541314262
1702.702703 0.10882670453925473
1706.206206 0.10943182740915997
1709.709710 0.11029037209782729
1713.213213 0.11129390102552721
1716.716717 0.1122926290977371
1720.220220 0.11311819154683357
1723.723724 0.11361214325511927
1727.227227 0.11365505117250223
1730.730731 0.11319074896658632
1734.234234 0.11224102699530612
1737.737738 0.11090756684960557
1741.241241 0.10936010313953019
1744.744745 0.10781232746801488
1748.248248 0.10648948103748665
1751.751752 0.10559329331174135
1755.255255 0.10527035903571819
1758.758759 0.10558904151143919
1762.262262 0.10652796668988093
1765.765766 0.1079769828009316
1769.269269 0.10974991058969968
1772.772773 0.11160773784549831
1776.276276 0.11329060489794977
1779.779780 0.11455608475476579
1783.283283 0.11521934559765687
1786.786787 0.11518826318331131
1790.290290 0.11448491841589929
1793.793794 0.11324591394294799
1797.297297 0.11169837928442115
1800.800801 0.11011542111184677
1804.304304 0.10876147388785742
1807.807808 0.10784145117050603
1811.311311 0.10746600282739796
1814.814815 0.10763919490509397
1818.318318 0.10826743562861184
1821.821822 0.10918304828039091
1825.325325 0.1101747443458099
1828.828829 0.11101991865688955
1832.332332 0.11151739206753464
1835.835836 0.11152072094477011
1839.339339 0.11097000302086305
1842.842843 0.1099156867933529
1846.346346 0.1085248233523369
1849.849850 0.10706185707945959
1853.353353 0.10584314270325988
1856.856857 0.10517405383000107
1860.360360 0.10528483292156271
1863.863864 0.10628210758020941
1867.367367 0.10812670779212763
1870.870871 0.11063863842380015
1874.374374 0.11352237043214078
1877.877878 0.11640399225797768
1881.381381 0.11887583853665032
1884.884885 0.12054934598391105
1888.388388 0.12111730837372975
1891.891892 0.12041985721830609
1895.395395 0.11849764692432094
1898.898899 0.11560873586375781
1902.402402 0.11219018861322677
1905.905906 0.10876331810325807
1909.409409 0.10580604920847822
1912.912913 0.10363443566559272
1916.416416 0.10233618995095581
1919.919920 0.10177897876729662
1923.423423 0.10168378561749342
1926.926927 0.10172560444191045
1930.430430 0.10161582921124658
1933.933934 0.10113797350831583
1937.437437 0.10014103507866626
1940.940941 0.098523080649120728
1944.444444 0.096243110972452667
1947.947948 0.093376968487260362
1951.451451 0.090195990613417695
1954.954955 0.087219952550164279
1958.458458 0.085200088753005651
1961.961962 0.085027080896325713
1965.465465 0.087612744413763821
1968.968969 0.093827884113976523
1972.472472 0.10456265833092354
1975.975976 0.12090540193208837
1979.479479 0.1443405634718041
1982.982983 0.17679875099861103
1986.486486 0.22040132350143926
1989.989990 0.2768457502787196
1993.493493 0.34654519660964955
1996.996997 0.42779550937792704
2000.500501 0.51631460196193779
2004.004004 0.6054329458856933
2007.507508 0.68701796187271746
2011.011011 0.75295873366859267
2014.514515 0.79682286606451169
2018.018018 0.81521459429221643
2021.521522 0.80844919776550139
2025.025025 0.78037959758224762
2028.528529 0.73747776752291483
2032.032032 0.6874825840813954
2035.535536 0.63800439383673646
2039.039039 0.59541265991213332
2042.542543 0.56417438352560534
2046.046046 0.54663756899142379
2049.549550 0.54313793893732898
2053.053053 0.55228085497079449
2056.556557 0.57129780778079087
2060.060060 0.59644917745416282
2063.563564 0.62349108553208021
2067.067067 0.64821787894388805
2070.570571 0.66704260520297298
2074.074074 0.67752127763319681
2077.577578 0.67870161958215092
2081.081081 0.67120327057149476
2084.584585 0.65700543933332856
2088.088088 0.63899900996498427
2091.591592 0.62041826905591835
2095.095095 0.60428182698192023
2098.598599 0.59294475466560248
2102.102102 0.58781461657460155
2105.605606 0.58923811221584177
2109.109109 0.59653869103300661
2112.612613 0.60817947804688732
2116.116116 0.62202864514177425
2119.619620 0.63570231808615341
2123.123123 0.64694724289705596
2126.626627 0.65400718539884617
2130.130130 0.65590616294486948
2133.633634 0.65258943943865
2137.137137 0.64489199196487046
2140.640641 0.63434507102217752
2144.144144 0.62286930694146403
2147.647648 0.61242404025880914
2151.151151 0.60468199884568863
2154.654655 0.60078079964994879
2158.158158 0.60117860988062743
2161.661662 0.60562060409475482
2165.165165 0.61320987029917329
2168.668669 0.62256901200188264
2172.172172 0.63207173327428834
2175.675676 0.64011394089050055
2179.179179 0.64538300639535329
2182.682683 0.64707759308199142
2186.186186 0.64503494148547114
2189.689690 0.63973974750425455
2193.193193 0.63221475419830386
2196.696697 0.6238194811125044
2200.200200 0.6160014465932443
2203.703704 0.61004904632576074
2207.207207 0.60688791593790825
2210.710711 0.6069484220919531
2214.214214 0.61011701960891618
2217.717718 0.61577226403513186
2221.221221 0.62289738037873976
2224.724725 0.63025337625236988
2228.228228 0.63658817633805886
2231.731732 0.64084908952276221
2235.235235 0.64236150205380504
2238.738739 0.64093979992714845
2242.242242 0.63690862874805054
2245.745746 0.63103134194859289
2249.249249 0.62436237236211134
2252.752753 0.61805515916466791
2256.256256 0.6131632463678065
2259.759760 0.61046904712724759
2263.263263 0.61036553669309956
2266.766767 0.61280488781395559
2270.270270 0.61731773911905874
2273.773774 0.62309814422493404
2277.277277 0.62914148136472647
2280.780781 0.63441498723471679
2284.284284 0.6380338609774947
2287.787788 0.6394123879758965
2291.291291 0.63836187499357822
2294.794795 0.63511644952241486
2298.298298 0.6302823536957497
2301.801802 0.62472229799021872
2305.305305 0.61939909193938281
2308.808809 0.61520887090072007
2312.312312 0.61283315786024295
2315.815816 0.61263256427542367
2319.319319 0.61459605992114208
2322.822823 0.61835080631438022
2326.326326 0.62322950344294692
2329.829830 0.62838485186349347
2333.333333 0.63293382069443782
2336.836837 0.63610860569355065
2340.340340 0.63738820350683711
2343.843844 0.63658636766256849
2347.347347 0.63387917806920635
2350.850851 0.62976735898331393
2354.354354 0.62498177749820993
2357.857858 0.62035155057591518
2361.361361 0.61666010543742655
2364.864865 0.61451456886511535
2368.368368 0.61424916611899638
2371.871872 0.61587606802911665
2375.375375 0.61908929787718159
2378.878879 0.62331989055160353
2382.382382 0.62783361256269699
2385.885886 0.63185620790954433
2389.389389 0.63470595926724471
2392.892893 0.63591073908563922
2396.396396 0.63528820290236554
2399.899900 0.63297400832117312
2403.403403 0.62939299412617289
2406.906907 0.62517967781945338
2410.410410 0.62106417374796619
2413.913914 0.61774528624847536
2417.417417 0.61577321862145373
2420.920921 0.61546080759862276
2424.424424 0.61683612941392063
2427.927928 0.61964238097519009
2431.431431 0.62338409303926734
2434.934935 0.6274122868366695
2438.438438 0.63103530705497213
2441.941942 0.63363735205559935
2445.445445 0.63478433964286662
2448.948949 0.63429794721901711
2452.452452 0.63228399398203017
2455.955956 0.62911002921343429
2459.459459 0.62533702143345937
2462.962963 0.62161881503938543
2466.466466 0.61858840261148185
2469.969970 0.61675115863309915
2473.473473 0.6164024713519729
2476.976977 0.61758203223791597
2480.480480 0.62007081464574731
2483.983984 0.62343043069145554
2487.487487 0.62707850466811821
2490.990991 0.63038820870114132
2494.494494 0.63279574901695279
2497.997998 0.63389737253527867
2501.501502 0.63351844229761112
2505.005005 0.63174177012852273
2508.508509 0.6288900593914678
2512.012012 0.62546626813747175
2515.515516 0.62206370233237784
2519.019019 0.61926277805744556
2522.522523 0.61753275957636466
2526.026026 0.6171546775470792
2529.529530 0.61817714292986636
2533.033033 0.62041113099623246
2536.536537 0.62346390599223733
2540.040040 0.62680655564194643
2543.543544 0.6298644359904586
2547.047047 0.63211574924382752
2550.550551 0.63318137757128679
2554.054054 0.63288989160280651
2557.557558 0.63130574826067754
2561.061061 0.62871554582004385
2564.564565 0.62557531136218825
2568.068068 0.62242916913402835
2571.571572 0.61981464059363756
2575.075075 0.61817137997859961
2578.578579 0.61776850978319309
2582.082082 0.61866178112814607
2585.585586 0.62068663160628612
2589.089089 0.62348769084309363
2592.592593 0.62657989000828129
2596.096096 0.62943143743498819
2599.599600 0.63155506963691643
2603.103103 0.63259197530698952
2606.606607 0.63237343078567931
2610.110110 0.63094884037322463
2613.613614 0.62857507433255277
2617.117117 0.62566941618141081
2620.620621 0.62273528848725057
2624.124124 0.62027462775185782
2627.627628 0.61870246320756905
2631.131131 0.61827797904726767
2634.634635 0.61906284820665824
2638.138138 0.62091288601645578
2641.641642 0.62350388233403953
2645.145145 0.62638734704645938
2648.648649 0.62906724446703954
2652.152152 0.63108512328085065
2655.655656 0.63209910269486114
2659.159159 0.63194268268796994
2662.662663 0.63065263587502873
2666.166166 0.62846090033604907
2669.669670 0.62575224379559025
2673.173173 0.62299589650796872
2676.676677 0.62066387505415155
2680.180180 0.61915049964803714
2683.683684 0.61870662568789736
2687.187187 0.61939899106623109
2690.690691 0.62110069337883345
2694.194194 0.62351391270534307
2697.697698 0.62622110994517555
2701.201201 0.62875647329116402
2704.704705 0.63068586881010069
2708.208208 0.63168165420959455
2711.711712 0.63157910479018031
2715.215215 0.63040418227952988
2718.718719 0.62836758956142891
2722.222222 0.62582643027173535
2725.725726 0.62322085558826845
2729.229229 0.62099745087248748
2732.732733 0.61953296813036696
2736.236236 0.61907126995993522
2739.739740 0.61968354554427862
2743.243243 0.62125777602349208
2746.746747 0.62351878427068197
2750.250250 0.62607552850373904
2753.753754 0.62848801649191
2757.257257 0.63034282753192128
2760.760761 0.63132436882514609
2764.264264 0.63126927832498547
2767.767768 0.63019410433938261
2771.271271 0.62829122338928345
2774.774775 0.62589393134350657
2778.278278 0.62341739637813154
2781.781782 0.6212863977173374
2785.285285 0.61986268472815464
2788.788789 0.61938425329556557
2792.292292 0.61992630005070637
2795.795796 0.62138979666064731
2799.299299 0.62351921039133118
2802.802803 0.62594640744014018
2806.306306 0.62825364463942435
2809.809810 0.63004527208909522
2813.313313 0.63101593497785147
2816.816817 0.6310032540306616
2820.320320 0.63001545386407509
2823.823824 0.6282289128359001
2827.327327 0.62595623709466097
2830.830831 0.62359094912039337
2834.334334 0.62153899892625242
2837.837838 0.62014926349392974
2841.341341 0.61965483530427479
2844.844845 0.62013459719393527
2848.348348 0.6215009948929423
2851.851852 0.62351570336608031
2855.355355 0.62583055816957733
2858.858859 0.62804712434660837
2862.362362 0.62978508191668314
2865.865866 0.63074779074703846
2869.369369 0.63077350273083443
2872.872873 0.62986297886212184
2876.376376 0.62817848984131841
2879.879880 0.62601451071633873
2883.383383 0.62374567805441872
2886.886887 0.62176159394645159
2890.390390 0.62040005831586642
2893.893894 0.61989009618564062
2897.397397 0.62031404661284495
2900.900901 0.62159459963215324
2904.404404 0.62350863107306032
2907.907908 0.6257255065699584
2911.411411 0.62786364272658168
2914.914915 0.6295559952038331
2918.418418 0.63051333841495971
2921.921922 0.63057422725385559
2925.425425 0.62973264371651205
2928.928929 0.62813830473825316
2932.432432 0.62606968106952365
2935.935936 0.62388483592150079
2939.439439 0.62195911965578698
2942.942943 0.62062078917053198
2946.446446 0.62009553763321301
2949.949950 0.62046900026383067
2953.453453 0.6216731042947321
2956.956957 0.62349825441884787
2960.460460 0.62562929662716782
2963.963964 0.62769942059797257
2967.467467 0.62935310563594138
2970.970971 0.6303074154025865
2974.474474 0.63040089841383828
2977.977978 0.62962130537584748
2981.481481 0.62810708985357655
2984.984985 0.62612250637242162
2988.488488 0.62401100582634461
2991.991992 0.62213547975710193
2995.495495 0.62081596987365029
2998.998999 0.62027549368484325
3002.502503 0.62060287764086752
3006.006006 0.62173845508607772
3009.509510 0.62348475249499136
3013.013013 0.62554035480350745
3016.516517 0.62755144557144571
3020.020020 0.62917251492417592
3023.523524 0.63012592867199224
3027.027027 0.63024993409136409
3030.530531 0.62952648930877875
3034.034034 0.62808386535019212
3037.537538 0.62617361908732971
3041.041041 0.62412627027490875
3044.544545 0.6222938029557864
3048.048048 0.62098920727531515
3051.551552 0.62043341835877974
3055.055055 0.62071839365427817
3058.558559 0.62179218299120509
3062.062062 0.62346824008641588
3065.565566 0.62545739448706894
3069.069069 0.62741728399740104
3072.572573 0.62901108782486115
3076.076076 0.62996559675716668
3079.579580 0.63011847262046816
3083.083083 0.62944623123523358
3086.586587 0.6280678728314335
3090.090090 0.62622355808467955
3093.593594 0.62423233151473356
3097.097097 0.62243662673502376
3100.600601 0.62114341429773279
3104.104104 0.62057209049521833
3107.607608 0.62081772084410347
3111.111111 0.62183549748067746
3114.614615 0.62344877949794186
3118.118118 0.62537934689332464
3121.621622 0.62729494562922394
3125.125125 0.62886627606148837
3128.628629 0.62982376450234612
3132.132132 0.63000421025142672
3135.635636 0.62937896398295523
3139.139139 0.62805852860150468
3142.642643 0.6262727931775528
3146.146146 0.62433059986185824
3149.649650 0.62256603156055268
3153.153153 0.62128096521233567
3156.656657 0.62069376286027722
3160.160160 0.62090260722301693
3163.663664 0.62186935420463385
3167.167167 0.62342638831837627
3170.670671 0.62530530957670716
3174.174174 0.62718278360660684
3177.677678 0.62873598843555722
3181.181181 0.62969826642922344
3184.684685 0.62990528120516698
3188.188188 0.62932343386419465
3191.691692 0.62805538894625867
3195.195195 0.62632174298641397
3198.698699 0.62442225873859092
3202.202202 0.62268373997088367
3205.705706 0.62140381053980531
3209.209209 0.62080027276446303
3212.712713 0.62097446406936929
3216.216216 0.62189450596032292
3219.719720 0.62340104626736703
3223.223223 0.62523450957831583
3226.726727 0.62707942174883946
3230.230230 0.6286184959780593
3233.733734 0.62958732677626983
3237.237237 0.62982016986567169
3240.740741 0.62927863949009843
3244.244244 0.62805812482682366
3247.747748 0.62637078818205771
3251.251251 0.62450831240346949
3254.754755 0.62279118902331443
3258.258258 0.62151356065938557
3261.761762 0.6208931219445174
3265.265265 0.62103442839181866
3268.768769 0.62191153749035288
3272.272272 0.62337269712910093
3275.775776 0.62516627309116035
3279.279279 0.62698369810109944
3282.782783 0.62851235988945986
3286.286286 0.62948948477095368
3289.789790 0.62974764641628433
3293.293293 0.62924378860566066
3296.796797 0.62806650672944553
3300.300300 0.62642028611640632
3303.803804 0.62458962698089959
3307.307307 0.6228895899829574
3310.810811 0.62161155353975561
3314.314314 0.62097354071515387
3317.817818 0.62108341282631951
3321.321321 0.62192089311586274
3324.824825 0.62334125002018792
3328.328328 0.62510000074779348
3331.831832 0.62689461894048737
3335.335335 0.62841637237728321
3338.838839 0.62940353235389579
3342.342342 0.62968671166684687
3345.845846 0.62921825864084324
3349.349349 0.62808038655855658
3352.852853 0.62647057585940502
3356.356356 0.62466695652299353
3359.859860 0.62297996994296045
3363.363363 0.62169890420394103
3366.866867 0.62104253672278542
3370.370370 0.62112214574337421
3373.873874 0.62192290217142498
3377.377377 0.62330658695814156
3380.880881 0.62503515738010162
3384.384384 0.62681133389160892
3387.887888 0.62832952271479225
3391.391391 0.62932847808974246
3394.894895 0.62963656573408044
3398.398398 0.62920157581016967
3401.901902 0.62809969054164638
3405.405405 0.62652198549406357
3408.908909 0.62474096247785105
3412.412412 0.62306319895299389
3415.915916 0.62177653360098439
3419.419419 0.62110091934367473
3422.922923 0.62115118578138595
3426.426426 0.62191778007320619
3429.929930 0.62326854931057751
3433.433433 0.62497124538301818
3436.936937 0.62673310020487316
3440.440440 0.62825095824528243
3443.943944 0.62926351153554139
3447.447447 0.62959658209723357
3450.950951 0.6291934037744602
3454.454454 0.62812442517424161
3457.957958 0.62657485534107027
3461.461461 0.62481225152975006
3464.964965 0.62314003760099379
3468.468468 0.62184521962330419
3471.971972 0.6211493473597911
3475.475475 0.62117095992017779
3478.978979 0.62190565191674396
3482.482482 0.62322694406933288
3485.985986 0.6249077931655721
3489.489489 0.62665925520205124
3492.992993 0.62817994458193949
3496.496496 0.62920795624530479
3500.000000 0.62956625893635232
