0.000000 0.62490370078127133
3.503504 0.62454055834067213
7.007007 0.62352318530979933
10.510511 0.62202692362757117
14.014014 0.62030958435263761
17.517518 0.61866670481792896
21.021021 0.61738062047726228
24.524525 0.61667217956712206
28.028028 0.61666320951982245
31.531532 0.61735586047890167
35.035035 0.61863213647517712
38.538539 0.6202737079256927
42.042042 0.62199886683164651
45.545546 0.62351062544558133
49.049049 0.62454790232899338
52.552553 0.62493092932789063
56.056056 0.62459276840055533
59.559560 0.62359117174833256
63.063063 0.6220985752779945
66.566567 0.62037205464124845
70.070070 0.61870871636077296
73.573574 0.61739448844192057
77.077077 0.61665519793676715
80.580581 0.61661816201372155
84.084084 0.61729056888710576
87.587588 0.61855811928975546
91.091091 0.62020417048664545
94.594595 0.62194636186418972
98.098098 0.62348479117904743
101.601602 0.62455368744839601
105.105105 0.62496764053778031
108.608609 0.62465413304378847
112.112112 0.62366641906228015
115.615616 0.62217434483333667
119.119119 0.62043478277298747
122.622623 0.61874706502015175
126.126126 0.61740138055450589
129.629630 0.61662910240873103
133.133133 0.61656340797658049
136.636637 0.61721663480292444
140.140140 0.61847801218832577
143.643644 0.62013216220795853
147.147147 0.62189546357382086
150.650651 0.62346440597946373
154.154154 0.62456786735554692
157.657658 0.62501428091898614
161.161161 0.62472527365229114
164.664665 0.62374961454835387
168.168168 0.62225486243218986
171.671672 0.62049822678449873
175.175175 0.61878195086894805
178.678679 0.61740119798674242
182.182182 0.61659350719635941
185.685686 0.61649833822413902
189.189189 0.61713333054837538
192.692693 0.61839109757889676
196.196196 0.62005710557642613
199.699700 0.6218458427188357
203.203203 0.62344945513838468
206.706707 0.6245907529465774
210.210210 0.62507143925897657
213.713714 0.62480695757961036
217.217217 0.62384157013554853
220.720721 0.62234083964481024
224.224224 0.62056286810577743
227.727728 0.61881353419041552
231.231231 0.61739374450655982
234.734735 0.61654788698528817
238.238238 0.61642218487040512
241.741742 0.61703977724885428
245.245245 0.61829654017294666
248.748749 0.61997835978708582
252.252252 0.62179717329848272
255.755756 0.62343999474758427
259.259259 0.62462278290450191
262.762763 0.62513986845746283
266.266266 0.62490012520914018
269.769770 0.62394325018194075
273.273273 0.62243309335613073
276.776777 0.62062922752650462
280.280280 0.61884194088199784
283.783784 0.61737872050312048
287.287287 0.61649156075021794
290.790791 0.61633399791247789
294.294294 0.61693491847933546
297.797798 0.61819336258197977
301.301301 0.61989520293018852
304.804805 0.6217491248871243
308.308308 0.62343615597318491
311.811812 0.62466453954737911
315.315315 0.62522051040856397
318.818819 0.62500591954723372
322.322322 0.62405580041528819
325.825826 0.62253256861279271
329.329329 0.62069787743251004
332.832833 0.61886726133940873
336.336336 0.61735570809579721
339.839840 0.61642366512718605
343.343343 0.61623261108308658
346.846847 0.6168174843303712
350.350350 0.61808041390424773
353.853854 0.61980681089993239
357.357357 0.62170135611309962
360.860861 0.62343815496689936
364.364364 0.62471677419536853
367.867868 0.62531453304832996
371.371371 0.62512572893703422
374.874875 0.62418058906188933
378.378378 0.6226403709463505
381.881882 0.6207694594307025
385.385385 0.61888954990228262
388.888889 0.61732415200331747
392.392392 0.61634311953785625
395.895896 0.61611659688676423
399.399399 0.61668594394943599
402.902903 0.61795632806091005
406.406406 0.61971222910461743
409.909910 0.6216535052584018
413.413413 0.62344630474047102
416.916917 0.62478043900598512
420.420420 0.62542337721018559
423.923924 0.62526124111238202
427.427427 0.6243192587100006
430.930931 0.62275780674183345
434.434434 0.62084470568421124
437.937938 0.61890882277772097
441.441441 0.61728333369140198
444.944945 0.61624858037648433
448.448448 0.61598420827463285
451.951952 0.61653844461371787
455.455455 0.61781947101707813
458.958959 0.61961033759565087
462.462462 0.62160518031103706
465.965966 0.62346103303794387
469.469469 0.6248567307227163
472.972973 0.62554881958435804
476.476476 0.62541451497783707
479.979980 0.62447379453274765
483.483483 0.6228864357113727
486.986987 0.62092446583299121
490.490490 0.61892505381072016
493.993994 0.61723233570356029
497.497497 0.61613837911431535
501.001001 0.61583330049878005
504.504505 0.61637273051654717
508.008008 0.61766787074348106
511.511512 0.6194998050930669
515.015015 0.62155594627646593
518.518519 0.62348290667777584
522.022022 0.62494714936819806
525.525526 0.62569305682265719
529.029029 0.62558807625625423
532.532533 0.6246466149932639
536.036036 0.62302814044651711
539.539540 0.62100974238694961
543.043043 0.61893816833044979
546.546547 0.61716999365022174
550.050050 0.61601043945073897
553.553554 0.61566122678363733
557.057057 0.61618603457862697
560.560561 0.617499124189542
564.064064 0.61937902832208636
567.567568 0.62150530916926527
571.071071 0.6235126651550299
574.574575 0.62505357780075477
578.078078 0.62585881899456353
581.581582 0.62578504617166242
585.085085 0.62484069357011318
588.588589 0.62318521938119653
592.092092 0.62110173744713604
595.595596 0.61894803373229845
599.099099 0.61709483030514367
602.602603 0.61586216447185016
606.106106 0.61546469665734138
609.609610 0.61597493182691609
613.113113 0.6173102714903157
616.616617 0.61924605037482716
620.120120 0.62145269520873003
623.623624 0.6235512673924235
627.127127 0.62517839102635331
630.630631 0.62604952501220823
634.134134 0.6260093174908723
637.637638 0.62505972509739971
641.141141 0.62336051360452727
644.644645 0.62120191606247266
648.148148 0.61895444581742964
651.651652 0.61700496444942909
655.155155 0.61569028109579538
658.658659 0.61523958086923791
662.162162 0.61573513761259591
665.665666 0.61709762298898074
669.169169 0.61909844872555608
672.672673 0.62139742290665478
676.176176 0.62359995726745632
679.679680 0.6253246083340841
683.183183 0.62626949864963322
686.686687 0.62626579909118718
690.190190 0.62530835677108598
693.693694 0.62355758279952866
697.197197 0.62131209373216034
700.700701 0.61895710888430178
704.204204 0.61689798279780061
707.707708 0.61549062203632654
711.211211 0.61498063808962156
714.714715 0.61546122496139899
718.218218 0.61685651701764077
721.721722 0.61893317870516029
725.225225 0.62133866482689248
728.728729 0.62366035703607836
732.232232 0.62549610895234209
735.735736 0.62652427450933756
739.239239 0.62656076236920466
742.742743 0.62559251538556759
746.246246 0.62378095438609904
749.749750 0.62143455994096475
753.253253 0.61895560649301751
756.756757 0.61677075669869663
760.260260 0.6152578141577838
763.763764 0.61468112424773147
767.267267 0.61514622039721112
770.770771 0.61658097345947005
774.274274 0.61874634983900834
777.777778 0.62127539378897634
781.281281 0.62373460303597483
784.784785 0.62569794407921309
788.288288 0.6268210406692063
791.791792 0.62690234264981515
795.295295 0.62591988125857023
798.798799 0.62403648441618909
802.302302 0.62157225676531114
805.805806 0.61894935790168104
809.309309 0.61661917406826638
812.812813 0.61498482295632573
816.316316 0.61433222121512943
819.819820 0.61478101241184091
823.323323 0.61626318641143629
826.826827 0.6185328984521844
830.330330 0.6212063052170117
833.833834 0.62382554744227403
837.337337 0.62593679938035762
840.840841 0.6271692949870934
844.344344 0.62730128325646972
847.847848 0.62630059215381106
851.351351 0.62433189392452526
854.854855 0.62172904398061435
858.358358 0.61893755170142473
861.861862 0.61643773721394468
865.365365 0.61466226917111677
868.868869 0.61392217892629619
872.372372 0.61435346225667664
875.875876 0.61589276080641109
879.379379 0.6182860950675485
882.882883 0.62112970184045668
886.386386 0.62393706656804859
889.889890 0.62622170000459876
893.393393 0.62758184624311375
896.896897 0.6277720719037948
900.400400 0.62674831970149714
903.903904 0.62467758988815325
907.407407 0.62191010457197948
910.910911 0.61891904193322034
914.414414 0.61621894125772547
917.917918 0.61427737211906563
921.421421 0.61343498723708278
924.924925 0.61384702530096924
928.428428 0.61545552731180253
931.931932 0.61799677943708242
935.435435 0.62104331699687787
938.938939 0.62407454743191071
942.442442 0.62656512100269834
945.945946 0.62807639264180981
949.449449 0.62833473526110184
952.952953 0.62728197199481595
956.456456 0.62508796548493861
959.959960 0.62212258685179833
963.463463 0.61889217993743117
966.966967 0.61595227934332353
970.470470 0.61381225710013332
973.973974 0.61284824494906587
977.477477 0.61323853495935987
980.980981 0.61493163413531904
984.484484 0.6176521280382643
987.987988 0.62094403386131858
991.491491 0.62424568556757876
994.994995 0.6269848049158443
998.498498 0.6286781093692404
1002.002002 0.62901778654683693
1005.505506 0.62792849583503818
1009.009009 0.62558354393799731
1012.512513 0.6223766634606851
1016.016016 0.61885453104367416
1019.519520 0.61562258343467946
1023.023023 0.61324112848484646
1026.526527 0.61212959313280135
1030.030030 0.61249448497553949
1033.533534 0.61429233887392154
1037.037037 0.61723357978109039
1040.540541 0.62082741991967927
1044.044044 0.62446185412772803
1047.547548 0.62750687653189774
1051.051051 0.62942409154496126
1054.554555 0.6298632994875687
1058.058058 0.62872771300197217
1061.561562 0.62619468715254001
1065.065065 0.6226873650040804
1068.568569 0.61880237372028568
1072.072072 0.61520711659131677
1075.575576 0.61252530561113672
1079.079079 0.61123043465489013
1082.582583 0.61156446358708982
1086.086086 0.61349432672256365
1089.589590 0.61671315649034031
1093.093093 0.62068691439909585
1096.596597 0.62474058628115003
1100.100100 0.62817148524359157
1103.603604 0.63037142401167134
1107.107107 0.63093615438310391
1110.610611 0.62974116284454984
1114.114114 0.62696839797968329
1117.617618 0.62307794971951802
1121.121121 0.61872976150385561
1124.624625 0.61467016065203561
1128.128128 0.61160395525983202
1131.631632 0.61007416599359765
1135.135135 0.61036880285180817
1138.638639 0.61246898278496997
1142.142142 0.61604649850799698
1145.645646 0.62051231591510791
1149.149149 0.625110391272786
1152.652653 0.62904375150652536
1156.156156 0.63161289522511255
1159.659660 0.63234212126988665
1163.163163 0.63106947449876216
1166.666667 0.62798174325274914
1170.170170 0.62358657778548832
1173.673674 0.61862663947539198
1177.177177 0.6139521576104332
1180.680681 0.61037541324507394
1184.184184 0.60853233796730566
1187.687688 0.60877342657369382
1191.191191 0.61110043117956614
1194.694695 0.61515855007859033
1198.198198 0.62028672075111135
1201.701702 0.62562092697355587
1205.205205 0.6302369313131273
1208.708709 0.63331043173583856
1212.212212 0.63426657200652337
1215.715716 0.63288979493691888
1219.219219 0.62937096478379884
1222.722723 0.6242808925938117
1226.226226 0.61847473474377357
1229.729730 0.61294573542675046
1233.233233 0.6086556356565207
1236.736737 0.60637122840746271
1240.240240 0.60653304544774422
1243.743744 0.60917554977893906
1247.247247 0.61391074399614731
1250.750751 0.61997954671254107
1254.254254 0.62636697584178469
1257.757758 0.63196734852485659
1261.261261 0.63577507172345271
1264.764765 0.63706793807547879
1268.268268 0.6355470311911503
1271.771772 0.63140321232114804
1275.275275 0.62529450021436572
1278.778779 0.61823771198947519
1282.282282 0.61143565577508052
1285.785786 0.60607271120235517
1289.289289 0.60311454582651902
1292.792793 0.60314338201729667
1296.296296 0.60625224934026778
1299.799800 0.61201329247787217
1303.303303 0.61952740442198972
1306.806807 0.62755379306837655
1310.310310 0.634706655115723
1313.813814 0.63969205640590265
1317.317317 0.64154488280798727
1320.820821 0.63981907624906242
1324.324324 0.63468923799384025
1327.827828 0.62693891831782567
1331.331331 0.61783598169425646
1334.834835 0.60892012688510899
1338.338338 0.60174400793544114
1341.841842 0.59761367334262416
1345.345345 0.59736810482167979
1348.848849 0.60122717185275854
1352.352352 0.60872774415765452
1355.855856 0.61876060390980037
1359.359359 0.62971323662382861
1362.862863 0.63971090868544744
1366.366366 0.64692882861441725
1369.869870 0.64992573700215361
1373.373373 0.64793325075430519
1376.876877 0.64103544595658091
1380.380380 0.63019366162440371
1383.883884 0.61710733204384083
1387.387387 0.6039401344392743
1390.890891 0.59296775454943029
1394.394394 0.58621104402160606
1397.897898 0.58510841036305283
1401.401401 0.59026438916356505
1404.904905 0.60129913457445738
1408.408408 0.61682086398483527
1411.911912 0.63454453698129087
1415.415415 0.6515728540066531
1418.918919 0.6648299298596817
1422.422422 0.67159496715567679
1425.925926 0.67003827243365366
1429.429429 0.65963810104591081
1432.932933 0.64137205825771859
1436.436436 0.61763194000708721
1439.939940 0.5918861056072261
1443.443443 0.56817661018013843
1446.946947 0.5505617915882226
1450.450450 0.54259177030516936
1453.953954 0.54685340564223817
1457.457457 0.56457820236142842
1460.960961 0.59530301490552973
1464.464464 0.63661626936244897
1467.967968 0.68408650090427037
1471.471471 0.73150825382764684
1474.974975 0.7715695428311774
1478.478478 0.79693288369045223
1481.981982 0.80156074911857811
1485.485485 0.78197375631061405
1488.988989 0.7380787010274199
1492.492492 0.6732850555101827
1495.995996 0.59382810990560775
1499.499499 0.50746513372483237
1503.003003 0.42191161378404218
1506.506507 0.34345731451848827
1510.010010 0.27611830966029999
1513.513514 0.2214779705246559
1517.017017 0.17913183821560047
1520.520521 0.14747245022106606
1524.024024 0.12449278378553051
1527.527528 0.1083568909370696
1531.031031 0.097635795382056426
1534.534535 0.091261310808098683
1538.038038 0.088345211588549952
1541.541542 0.088018537102683675
1545.045045 0.08938228895858244
1548.548549 0.091572172470139893
1552.052052 0.093874634744836857
1555.555556 0.095816216236028359
1559.059059 0.097179288789064122
1562.562563 0.097947532213858463
1566.066066 0.098222081730089728
1569.569570 0.098155312615387111
1573.073073 0.097926020553294871
1576.576577 0.097746072515809759
1580.080080 0.0978665656821779
1583.583584 0.098553469505537394
1587.087087 0.10002529529367801
1590.590591 0.10237327607693462
1594.094094 0.10550074486948408
1597.597598 0.10911389110488422
1601.101101 0.11277423779042964
1604.604605 0.11599658519002978
1608.108108 0.11835864310011701
1611.611612 0.11958758352876631
1615.115115 0.11960226394436611
1618.618619 0.11850892860470241
1622.122122 0.11656284662919231
1625.625626 0.11411319168723034
1629.129129 0.11154465704916948
1632.632633 0.10922240918767612
1636.136136 0.10744269343604526
1639.639640 0.10639190282967552
1643.143143 0.1061201212777019
1646.646647 0.10653682086093878
1650.150150 0.10743344485566682
1653.653654 0.10853032249341373
1657.157157 0.10953719063124233
1660.660661 0.1102118919167582
1664.164164 0.11040308187881943
1667.667668 0.11006921328453519
1671.171171 0.10927422995241043
1674.674675 0.10816638102653407
1678.178178 0.10694823207776416
1681.681682 0.10584390908686266
1685.185185 0.1050664176464428
1688.688689 0.10478616393463284
1692.192192 0.1051025980639262
1695.695696 0.10602316088652823
1699.199199 0.10745521943016796
1702.702703 0.1092155936901994
1706.206206 0.11105837726290718
1709.709710 0.11271653449933462
1713.213213 0.11394852310475508
1716.716717 0.11457974128661472
1720.220220 0.11453033246396281
1723.723724 0.11382479146654041
1727.227227 0.11258323053792997
1730.730731 0.11099767192516749
1734.234234 0.10929874212009855
1737.737738 0.10771881544871614
1741.241241 0.10645745147454483
1744.744745 0.10565419514595041
1748.248248 0.10537248491347201
1751.751752 0.10559650203903249
1755.255255 0.10624048774994745
1758.758759 0.10716786969946505
1762.262262 0.10821609383890061
1765.765766 0.10922270828153026
1769.269269 0.11004886222922448
1772.772773 0.11059745186233329
1776.276276 0.11082413217970147
1779.779780 0.11074012344602917
1783.283283 0.11040640033384702
1786.786787 0.10991985185295465
1790.290290 0.10939348162613485
1793.793794 0.10893431951264153
1797.297297 0.10862369461465493
1800.800801 0.10850419752597047
1804.304304 0.10857589864421101
1807.807808 0.10880177101606631
1811.311311 0.10911982681798491
1814.814815 0.10945815198242545
1818.318318 0.10974915189044265
1821.821822 0.1099405164430719
1825.325325 0.11000187421786446
1828.828829 0.10992714064181311
1832.332332 0.1097329761009615
1835.835836 0.10945385805901985
1839.339339 0.10913449395746998
1842.842843 0.10882085212778668
1846.346346 0.10855171223577963
1849.849850 0.10835281895263718
1853.353353 0.10823509506336318
1856.856857 0.10819704025959813
1860.360360 0.10822998452564432
1863.863864 0.10832397780897726
1867.367367 0.10847215969136857
1870.870871 0.1086723041375447
1874.374374 0.10892533024105606
1877.877878 0.10923138646101672
1881.381381 0.10958449734591517
1884.884885 0.10996694260382249
1888.388388 0.11034482916170645
1891.891892 0.1106667163345781
1895.395395 0.11086723105253561
1898.898899 0.11087680444675317
1902.402402 0.11063681677027504
1905.905906 0.1101171437882621
1909.409409 0.10933149741525931
1912.912913 0.10834604689721984
1916.416416 0.10727869596359987
1919.919920 0.10628905006670607
1923.423423 0.10556097213635617
1926.926927 0.10527971183550937
1930.430430 0.10560437949663379
1933.933934 0.10663584979301351
1937.437437 0.10838194319881077
1940.940941 0.11072624857565526
1944.444444 0.11341195553383442
1947.947948 0.11605351424008653
1951.451451 0.11818345162401575
1954.954955 0.11932935163293301
1958.458458 0.11910172457816297
1961.961962 0.11726526526120917
1965.465465 0.11377074109404887
1968.968969 0.10874344997985534
1972.472472 0.10244950698136739
1975.975976 0.095279623338195285
1979.479479 0.087788251654866381
1982.982983 0.080798861802667724
1986.486486 0.075541724145565856
1989.989990 0.073748770059235275
1993.493493 0.077614390292174748
1996.996997 0.089556896491871957
2000.500501 0.11178073890173169
2004.004004 0.14572282006032625
2007.507508 0.19153369368711554
2011.011011 0.2477646421997306
2014.514515 0.31139000505012859
2018.018018 0.37820088664442725
2021.521522 0.4434935305742575
2025.025025 0.50288418595524076
2028.528529 0.55304515318268754
2032.032032 0.59218542736281365
2035.535536 0.62018035023654339
2039.039039 0.63835628951129086
2042.542543 0.64902304599789451
2046.046046 0.65489330928499578
2049.549550 0.65852841866448952
2053.053053 0.66191391086514884
2056.556557 0.66621724314169484
2060.060060 0.67173301157328535
2063.563564 0.67798877738917174
2067.067067 0.68396809367569011
2070.570571 0.68840112270631382
2074.074074 0.69007163192002074
2077.577578 0.68809017101778081
2081.081081 0.68208887039058885
2084.584585 0.67230655958753716
2088.088088 0.65955404445259869
2091.591592 0.64507417483970997
2095.095095 0.63033247962755146
2098.598599 0.61678491013499059
2102.102102 0.6056669956109374
2105.605606 0.59783621513557417
2109.109109 0.59368299567769267
2112.612613 0.59311187669487786
2116.116116 0.59558629186350132
2119.619620 0.60022717611681475
2123.123123 0.60595367461408756
2126.626627 0.61165045532706808
2130.130130 0.61634015682298338
2133.633634 0.61933414862554492
2137.137137 0.62033418994571821
2140.640641 0.61946445029423736
2144.144144 0.61722701659694723
2147.647648 0.61439043615447697
2151.151151 0.6118346585926655
2154.654655 0.61038286816468312
2158.158158 0.6106501218345517
2161.661662 0.61293239887869111
2165.165165 0.61715093620615979
2168.668669 0.62285817399156129
2172.172172 0.62930402517339779
2175.675676 0.6355538028534724
2179.179179 0.64064129089720945
2182.682683 0.64373284201751046
2186.186186 0.6442734476104055
2189.689690 0.642086407243327
2193.193193 0.63740615131658207
2196.696697 0.63083778572405691
2200.200200 0.62325312409045253
2203.703704 0.61564625615689406
2207.207207 0.60897808336655634
2210.710711 0.60403760868142176
2214.214214 0.60134009129218458
2217.717718 0.60107227217609593
2221.221221 0.60308629120044377
2224.724725 0.60693831358429418
2228.228228 0.61196470933175651
2231.731732 0.61738612324150999
2235.235235 0.62242657512482003
2238.738739 0.62643104240015868
2242.242242 0.62896258039948116
2245.745746 0.6298611896659484
2249.249249 0.62925258128474093
2252.752753 0.62750494741797258
2256.256256 0.62514313976102098
2259.759760 0.62273884554689629
2263.263263 0.62079971053211247
2266.766767 0.61967897658091808
2270.270270 0.61952111723001335
2273.773774 0.62025043793097789
2277.277277 0.62160106504012147
2280.780781 0.62317986489713917
2284.284284 0.62454931482266074
2287.787788 0.62531519623622001
2291.291291 0.62520398255236065
2294.794795 0.62411681749574655
2298.298298 0.62215092475443667
2301.801802 0.61958482685934468
2305.305305 0.61683010195177712
2308.808809 0.61435840021958343
2312.312312 0.61261684259100668
2315.815816 0.61194685264122073
2319.319319 0.6125206665466596
2322.822823 0.61430656491378999
2326.326326 0.61706898166151947
2329.829830 0.62040387833041233
2333.333333 0.62380390605138669
2336.836837 0.62674268436441438
2340.340340 0.62876383347405052
2343.843844 0.62955902613253167
2347.347347 0.62902085021647902
2350.850851 0.62726069407455221
2354.354354 0.62458841759386108
2357.857858 0.62145782656825543
2361.361361 0.61838825950632981
2364.864865 0.61587656805053603
2368.368368 0.6143147937673098
2371.871872 0.61392709445096749
2375.375375 0.61473569241840775
2378.878879 0.61656070618773695
2382.382382 0.61905344058696621
2385.885886 0.62175759656079266
2389.389389 0.62418840729274927
2392.892893 0.62591650665023224
2396.396396 0.62664209086448086
2399.899900 0.62624621694153193
2403.403403 0.62480998553153178
2406.906907 0.62259826486548764
2410.410410 0.62001126597791045
2413.913914 0.61751315628106651
2417.417417 0.61555073323749698
2420.920921 0.6144763559908023
2424.424424 0.61448796592919985
2427.927928 0.61559573847471194
2431.431431 0.61762046522196024
2434.934935 0.62022381834651019
2438.438438 0.62296569735310126
2441.941942 0.62537939882595284
2445.445445 0.62705202789944547
2448.948949 0.62769614786640948
2452.452452 0.62719976097798691
2455.955956 0.62564544604194605
2459.459459 0.62329523220618011
2462.962963 0.62054429661577559
2466.466466 0.61785231182340783
2469.969970 0.61566498094183975
2473.473473 0.61433939300443619
2476.976977 0.61408545940175852
2480.480480 0.61493251107202662
2483.983984 0.61672592935184323
2487.487487 0.61915408130197169
2490.990991 0.62180126597088048
2494.494494 0.62421824529617798
2497.997998 0.62599876748454919
2501.501502 0.6268489807017662
2505.005005 0.62663740010426894
2508.508509 0.62541633262746832
2512.012012 0.62341090937964416
2515.515516 0.62097800599610964
2519.019019 0.61854291757773472
2522.522523 0.61652544996852254
2526.026026 0.61526843090007954
2529.529530 0.61498057645281401
2533.033033 0.61570273587521507
2536.536537 0.61730252812442532
2540.040040 0.61949792466553255
2543.543544 0.62190589861991918
2547.047047 0.62410826448675583
2550.550551 0.62572378565391218
2554.054054 0.62647415582021571
2557.557558 0.62623212317918686
2561.061061 0.62504300574648963
2564.564565 0.62311571786433784
2568.068068 0.6207851724474206
2571.571572 0.61845322217561305
2575.075075 0.61651898327431065
2578.578579 0.61531079726415105
2582.082082 0.61503122666901355
2585.585586 0.61572384244291267
2589.089089 0.61726682566959856
2592.592593 0.61939418477150343
2596.096096 0.62174114302165073
2599.599600 0.62390638775362339
2603.103103 0.62552088709163001
2606.606607 0.62631147436446821
2610.110110 0.62614791493986854
2613.613614 0.62506489920662023
2617.117117 0.62325497351947157
2620.620621 0.62103388431121587
2624.124124 0.6187849231381799
2627.627628 0.6168924899297169
2631.131131 0.61567658157777749
2634.634635 0.61533921817410975
2638.138138 0.61593137860796132
2641.641642 0.61734547394160666
2645.145145 0.61933433749916877
2648.648649 0.62155361651163843
2652.152152 0.62362071570626265
2655.655656 0.6251805412641388
2659.159159 0.62596679020724677
2662.662663 0.6258479363237216
2666.166166 0.62484957452144518
2669.669670 0.62314906875081633
2673.173173 0.62104363463554202
2676.676677 0.61889790682357837
2680.180180 0.61708060768685491
2683.683684 0.61590149291353335
2687.187187 0.6155592168755859
2690.690691 0.61610852009828609
2694.194194 0.61745179018281715
2697.697698 0.61935616043222519
2701.201201 0.62149334562237479
2704.704705 0.62349577617143248
2708.208208 0.62501974274848482
2711.711712 0.62580474746177672
2715.215215 0.62571856656081493
2718.718719 0.62477985991144369
2722.222222 0.62315421465891152
2725.725726 0.62112447154661288
2729.229229 0.61904094199049164
2732.732733 0.61726063502467998
2736.236236 0.61608622282805614
2739.739740 0.61571506918922014
2743.243243 0.61620656857353462
2746.746747 0.61747285638034566
2750.250250 0.6192942091665109
2753.753754 0.62135660999035214
2757.257257 0.62330540831558245
2760.760761 0.62480620487287175
2764.264264 0.62560256253426016
2767.767768 0.62556035965743373
2771.271271 0.62469076375708366
2774.774775 0.62314764366514164
2778.278278 0.62119999777628454
2781.781782 0.61918459791131397
2785.285285 0.61744751803232734
2788.788789 0.61628488143493121
2792.292292 0.61589287818510063
2795.795796 0.61633517837497509
2799.299299 0.61753282565231538
2802.802803 0.6192780790030743
2806.306306 0.62126992866833031
2809.809810 0.62316554220398934
2813.313313 0.62463913771982538
2816.816817 0.62543823843393564
2820.320320 0.62542739624700516
2823.823824 0.62461148608501726
2827.327327 0.62313432753682341
2830.830831 0.62125297197665719
2834.334334 0.61929249258328889
2837.837838 0.61758954619374373
2841.341341 0.61643468774922605
2844.844845 0.61602324525950103
2848.348348 0.61642277284860003
2851.851852 0.61756219141441115
2855.355355 0.61924422453829775
2858.858859 0.62117908674509836
2862.362362 0.62303397717957576
2865.865866 0.62449020405029798
2869.369369 0.625298204365347
2872.872873 0.6253207788368067
2876.376376 0.62455674158779539
2879.879880 0.62314067397571227
2883.383383 0.62131889826981834
2886.886887 0.61940618174743967
2890.390390 0.61773108451862824
2893.893894 0.61657962275148959
2897.397397 0.61614684599034741
2900.900901 0.61650425904334494
2904.404404 0.61758822934513691
2907.907908 0.61921111988406574
2911.411411 0.62109331711859905
2914.914915 0.62291097555130881
2918.418418 0.62435159774840232
2921.921922 0.62516798838882426
2925.425425 0.62522110329088432
2928.928929 0.62450407192612156
2932.432432 0.62314301329817401
2935.935936 0.6213745536099673
2939.439439 0.61950425799182274
2942.942943 0.61785356893540355
2946.446446 0.61670464784865309
2949.949950 0.61625253611412156
2953.453453 0.61657249606110198
2956.956957 0.61760771051479457
2960.460460 0.61917920949714067
2963.963964 0.62101639190744229
2967.467467 0.62280320925435095
2970.970971 0.62423239316934431
2974.474474 0.62505850581543065
2977.977978 0.6251405050757618
2981.481481 0.624466162199526
2984.984985 0.62315387824354695
2988.488488 0.62143161315034856
2991.991992 0.6195968676945528
2995.495495 0.61796502343272852
2998.998999 0.6168151944065382
3002.502503 0.61634285076398576
3006.006006 0.61662702105229772
3009.509510 0.61761729564095513
3013.013013 0.61914262464294423
3016.516517 0.62094046406342374
3020.020020 0.62270156234466012
3023.523524 0.62412300564612433
3027.027027 0.6249605125349621
3030.530531 0.62507081442619972
3034.034034 0.62443650039943988
3037.537538 0.62316879376386347
3041.041041 0.62148778848266739
3044.544545 0.61968383454750864
3048.048048 0.61806711772694622
3051.551552 0.61691437328611742
3055.055055 0.61642186159036172
3058.558559 0.61667237489868232
3062.062062 0.61762154886189691
3065.565566 0.61910559522784558
3069.069069 0.62086918528495316
3072.572573 0.62260898358123162
3076.076076 0.62402566319206443
3079.579580 0.62487557836374774
3083.083083 0.62501305093354487
3086.586587 0.62441567303376377
3090.090090 0.62318800890976644
3093.593594 0.62154304559657036
3097.097097 0.61976484880302929
3100.600601 0.6181592346002176
3104.104104 0.61700120817859461
3107.607608 0.61648818731191124
3111.111111 0.61670675755631366
3114.614615 0.61761829097657328
3118.118118 0.61906566728321499
3121.621622 0.62079999436510969
3125.125125 0.62252301980380342
3128.628629 0.62393825663382263
3132.132132 0.62480216044905379
3135.635636 0.62496641164660827
3139.139139 0.62440371254371463
3142.642643 0.62321239101795445
3146.146146 0.62159898713106465
3149.649650 0.61984206185804491
3153.153153 0.61824382582145354
3156.656657 0.61707817475023385
3160.160160 0.61654405995868633
3163.663664 0.6167319336577084
3167.167167 0.61760866699017591
3170.670671 0.61902330240037162
3174.174174 0.62073269790939689
3177.677678 0.62244293343811041
3181.181181 0.62385967555215549
3184.684685 0.62473897715176419
3188.188188 0.62492964217703451
3191.691692 0.62439955627956234
3195.195195 0.62324117675161261
3198.698699 0.62165518832013755
3202.202202 0.6199153598649747
3205.705706 0.61832100694029879
3209.209209 0.61714550405753255
3212.712713 0.61658970540682223
3216.216216 0.61674802133980644
3219.719720 0.61759262285747807
3223.223223 0.61897825979760279
3226.726727 0.62066690545157366
3230.230230 0.62236826452687666
3233.733734 0.62378949685910334
3237.237237 0.62468575256989745
3240.740741 0.62490270496411338
3244.244244 0.62440345752675974
3247.747748 0.62327491201999163
3251.251251 0.62171243631361062
3254.754755 0.61998567415079275
3258.258258 0.61839172650043517
3261.761762 0.61720402607197244
3265.265265 0.61662571304788416
3268.768769 0.61675528153862613
3272.272272 0.61757005209813032
3275.775776 0.61893008233574887
3279.279279 0.62060187929380561
3282.782783 0.62229810694222953
3286.286286 0.6237267816719011
3289.789790 0.62464165177303599
3293.293293 0.62488498423175332
3296.796797 0.62441509490750402
3300.300300 0.62331359408858067
3303.803804 0.62177101846207139
3307.307307 0.62005350820178518
3310.810811 0.61845659966405009
3314.314314 0.61725435203185752
3317.817818 0.61665258377990118
3321.321321 0.61675402541201452
3324.824825 0.61754103624457801
3328.328328 0.61887862681185701
3331.831832 0.62053729844607586
3335.335335 0.6222320407664671
3338.838839 0.62367110616258514
3342.342342 0.624606339724321
3345.845846 0.62487630639527658
3349.349349 0.62443449531297845
3352.852853 0.62335744879747557
3356.356356 0.62183131842634876
3359.859860 0.62011933116779561
3363.363363 0.61851609155029763
3366.866867 0.61729685318256433
3370.370370 0.61667052141621936
3373.873874 0.61674424553349905
3377.377377 0.61750535064657264
3380.880881 0.61882348453435576
3384.384384 0.6204726368775777
3387.887888 0.62216951111322949
3391.391391 0.62362198102403321
3394.894895 0.62457947600221742
3398.398398 0.62487653696983103
3401.901902 0.62446175072677945
3405.405405 0.62340677517844501
3408.908909 0.62189378689234609
3412.412412 0.62018366450099527
3415.915916 0.61857070284600102
3419.419419 0.61733192365837164
3422.922923 0.61667974848504103
3426.426426 0.61672595956310283
3429.929930 0.61746281197104436
3433.433433 0.61876431099086682
3436.936937 0.62040745711324985
3440.440440 0.62211007154152853
3443.943944 0.62357903509499846
3447.447447 0.62456083359214676
3450.950951 0.62488563380805129
3454.454454 0.62449700902508709
3457.957958 0.62346188010719594
3461.461461 0.62195882878398068
3464.964965 0.62024693209899873
3468.468468 0.61862079421479521
3471.971972 0.6173597908643087
3475.475475 0.61668031416453351
3478.978979 0.61669902676213728
3482.482482 0.61741311336672988
3485.985986 0.6187006883639824
3489.489489 0.62034130699971124
3492.992993 0.62205331974046485
3496.496496 0.62354199204015326
3500.000000 0.6245503158316591
