0.000000 0.62891221289719568
3.503504 0.62808930823202436
7.007007 0.62678876046385112
10.510511 0.62523500335074778
14.014014 0.62369592892775227
17.517518 0.62243643487670797
21.021021 0.62167288748358307
24.524525 0.62153629724755866
28.028028 0.62205025136381276
31.531532 0.6231270502546874
35.035035 0.62458254154927584
38.538539 0.62616722658742763
42.042042 0.62760863707212944
45.545546 0.62865803848554769
49.049049 0.62913354486176798
52.552553 0.62895204025454288
56.056056 0.62814404092265641
59.559560 0.6268486202202137
63.063063 0.62528920472482719
66.566567 0.62373463160787279
70.070070 0.62245252694866027
73.573574 0.62166327712280756
77.077077 0.62150248672366826
80.580581 0.62199809796799654
84.084084 0.62306575813355591
87.587588 0.62452305545225606
91.091091 0.62612029809833514
94.594595 0.62758289429819281
98.098098 0.62865840092026037
101.601602 0.62916027831250876
105.105105 0.6290006421471569
108.608609 0.62820599703495594
112.112112 0.6269129075720572
115.615616 0.62534426851398905
119.119119 0.62377047113880713
122.622623 0.62246250720553231
126.126126 0.62164533976725789
129.629630 0.62145954943214765
133.133133 0.62193757679139827
136.636637 0.62299829639724269
140.140140 0.62446067304770014
143.643644 0.62607427186587861
147.147147 0.62756173219426226
150.650651 0.62866626983439322
154.154154 0.62919618104263197
157.657658 0.62905851534835444
161.161161 0.62827573554604399
164.664665 0.62698214294826926
168.168168 0.62540058041444191
171.671672 0.62380362472557116
175.175175 0.62246630696229621
178.678679 0.6216187672335598
182.182182 0.62140698750408818
185.685686 0.62186808545335404
189.189189 0.62292406431021152
192.692693 0.62439490403771325
196.196196 0.62602886012842651
199.699700 0.62754512388902017
203.203203 0.62868189218138038
206.706707 0.62924173744770207
210.210210 0.62912630102890632
213.713714 0.62835394290604851
217.217217 0.62705693539080343
220.720721 0.62545856039809766
224.224224 0.62383424322598702
227.727728 0.62246377461735425
231.231231 0.62158312562143014
234.734735 0.62134415577287627
238.238238 0.62178887785052428
241.741742 0.62284234588941267
245.245245 0.62432519178810464
248.748749 0.62598377011535944
252.252252 0.62753310091892389
255.755756 0.62870562788271922
259.259259 0.62929758090711108
262.762763 0.6292048001317746
266.266266 0.62844144850041161
269.769770 0.62713799483860977
273.273273 0.62551866899800357
276.776777 0.62386244964097481
280.280280 0.62245466596951415
283.783784 0.62153783863268308
287.287287 0.62127024067406877
290.790791 0.62169904221119154
294.294294 0.62275229108130659
297.797798 0.62425090129572069
301.301301 0.62593870149217945
304.804805 0.62752576131093274
308.308308 0.62873796787070468
311.811812 0.62936451927616111
315.315315 0.62929500231473601
318.818819 0.62853925220172646
322.322322 0.62722615344467425
325.825826 0.62558141842304582
329.329329 0.62388833768506768
332.832833 0.62243863000285748
336.336336 0.62148216254061051
339.839840 0.62118422830915454
343.343343 0.62159746749390898
346.846847 0.62265288621722326
350.350350 0.62417129894447176
353.853854 0.62589333926283619
357.357357 0.62752327734896518
360.860861 0.62877955590808698
364.364364 0.62944356744416463
367.867868 0.6293981239086196
371.371371 0.62864856124368729
374.874875 0.627322394863705
378.378378 0.62564738891149618
381.881882 0.6239119720027636
385.385385 0.62241519252894117
388.888889 0.62141515572584882
392.392392 0.62108486488276593
395.895896 0.62148280146986234
399.399399 0.62254291710810528
402.902903 0.62408552735312883
406.406406 0.62584734529111208
409.909910 0.62752590592941637
413.413413 0.62883121666921293
416.916917 0.62953598880997719
420.420420 0.62951565587079183
423.923924 0.62877083630082087
427.427427 0.62742789014091049
430.930931 0.62571724766320258
434.434434 0.62393338620254446
437.937938 0.62238373298940031
441.441441 0.62133563767490041
444.944945 0.6209706045822283
448.448448 0.62135339635686271
451.951952 0.62242092203069888
455.455455 0.62399257440270717
458.958959 0.62580034960005626
462.462462 0.62753400469650178
465.965966 0.6288939949700294
469.469469 0.6296433516536829
472.972973 0.6296494280024082
476.476476 0.62890785244882852
479.979980 0.62754404445457468
483.483483 0.62579177254320217
486.986987 0.62395257850333241
490.490490 0.62234345183968764
493.993994 0.621242132878565
497.497497 0.62083953905649159
501.001001 0.62120723579422066
504.504505 0.62228512901006883
508.008008 0.6238912323646848
511.511512 0.62575193955761788
515.015015 0.62754805457440543
518.518519 0.62896920917837984
522.022022 0.62976760533959686
525.525526 0.62980169541558684
529.029029 0.62906178098854759
532.532533 0.62767255962089008
536.036036 0.62587188349537015
539.539540 0.6239695054081168
543.043043 0.62229332629738499
546.546547 0.62113279514828357
550.050050 0.62068930253083154
553.553554 0.62104183678799141
557.057057 0.62213337180820139
560.560561 0.62378004341629323
564.064064 0.62570164591811483
567.567568 0.62756869070569921
571.071071 0.62905852366673332
574.574575 0.62991118333380358
578.078078 0.62997525518028874
581.581582 0.62923529958637636
585.085085 0.62781551791896595
588.588589 0.62595868418374045
592.092092 0.62398407223595875
595.595596 0.62223204959403577
599.099099 0.62100530446033431
602.602603 0.62051694288214154
606.106106 0.62085411680036784
609.609610 0.62196297640227294
613.113113 0.6236572265258733
616.616617 0.6256489250315318
620.120120 0.62759674587394076
623.623624 0.62916404876458465
627.127127 0.63007714466970188
630.630631 0.63017360610089568
634.134134 0.62943174277893188
637.637638 0.62797549619113047
641.141141 0.62605351796656816
644.644645 0.62399611878526617
648.148148 0.62215794617628206
651.651652 0.62085672398040948
655.155155 0.6203187434610582
658.658659 0.6206402104327281
662.162162 0.62177060479618829
665.665666 0.62352057742286449
669.169169 0.62559313558556195
672.672673 0.62763331214719409
676.176176 0.62928848077547561
679.679680 0.63026937144869821
683.183183 0.630401171401335
686.686687 0.62965531140939635
690.190190 0.62815572419255006
693.693694 0.6261580448473586
697.197197 0.62400539788390563
700.700701 0.6220688516758891
704.204204 0.62068329868931427
707.707708 0.62008997260425325
711.211211 0.62039521203459724
714.714715 0.62155203608472664
718.218218 0.62336732898833924
721.721722 0.62553350740602631
725.225225 0.62767982960903512
728.728729 0.62943530146257787
732.232232 0.63049284954970564
735.735736 0.63066361488817235
739.239239 0.62991136967619155
742.742743 0.62836030871047355
746.246246 0.6262743494828461
749.749750 0.62401154301659145
753.253253 0.62196193986361792
756.756757 0.62048016625121205
760.260260 0.61982452449045267
763.763764 0.62011280699102633
767.267267 0.6213018532498934
770.770771 0.62319395233836838
774.274274 0.6254690987908631
777.777778 0.62773821670203678
781.281281 0.62960906831510699
784.784785 0.63075407624134006
788.288288 0.63096829967328238
791.791792 0.63020687578450019
795.295295 0.6285945578683485
798.798799 0.62640509617741424
802.302302 0.62401401849987448
805.805806 0.62183346743668988
809.309309 0.62024093222304599
812.812813 0.61951439211324855
816.316316 0.61978473102697396
819.819820 0.62101298440295449
823.323323 0.62299586662237516
826.826827 0.62539873697538961
830.330330 0.62781106644928031
833.833834 0.62981584751808362
837.337337 0.63106166706868738
840.840841 0.63132497075367067
844.344344 0.6305510223853289
847.847848 0.62886546257791431
851.351351 0.62655375705842931
854.854855 0.62401204093703166
858.358358 0.62167838756060734
861.861862 0.61995702911174322
865.365365 0.6191488728514003
868.868869 0.61939995557034377
872.372372 0.62067601228791847
875.875876 0.62276700395592699
879.379379 0.62532093315931037
882.882883 0.62790195038625629
886.386386 0.63006387859120172
889.889890 0.63142728594928954
893.393393 0.63174680072368572
896.896897 0.63095621736039353
900.400400 0.62918243267396989
903.903904 0.62672495793421346
907.407407 0.62400445170828223
910.910911 0.62148974639955545
914.414414 0.61961671892990122
917.917918 0.61871333312232968
921.421421 0.61894342135087088
924.924925 0.62027810178125176
928.428428 0.62249913641532317
931.931932 0.62523375826230065
935.435435 0.62801590541759467
938.938939 0.63036462949234506
942.442442 0.63186711953382091
945.945946 0.63225204715415062
949.449449 0.63143963803041225
952.952953 0.62955846169794116
956.456456 0.62692502050289967
959.959960 0.62398950243445539
963.463463 0.62125770606870667
966.966967 0.61920348362616562
970.470470 0.61818721605156768
973.973974 0.61839399614150259
977.477477 0.61980127154925979
980.980981 0.62218079613031529
984.484484 0.62513465639739318
987.987988 0.62816024533152737
991.491491 0.63073453925958178
994.994995 0.63240430921884994
998.498498 0.63286678681021569
1002.002002 0.6320257953850309
1005.505506 0.63001204602284611
1009.009009 0.62716284686918466
1012.512513 0.62396447827645696
1016.016016 0.62096789349238335
1019.519520 0.6186933136440308
1023.023023 0.61754068625455139
1026.526527 0.61772103472182904
1030.030030 0.61921948421335915
1033.533534 0.62179546533163144
1037.037037 0.62502015638922159
1040.540541 0.62834597906180001
1044.044044 0.6311980354537744
1047.547548 0.63307315812574516
1051.051051 0.6336296477209622
1054.554555 0.63275097397833413
1058.058058 0.6305705040577757
1061.561562 0.62745143317938445
1065.065065 0.62392500189418199
1068.568569 0.62059846297469679
1072.072072 0.61804989812217859
1075.575576 0.61672867737711601
1079.079079 0.61687827196660661
1082.582583 0.61849348138689608
1086.086086 0.62131837856986738
1089.589590 0.62488541016242971
1093.093093 0.62859043520935265
1096.596597 0.63179306684495784
1100.100100 0.6339268410152511
1103.603604 0.6346004907308499
1107.107107 0.63367138595335692
1110.610611 0.63127606817411874
1114.114114 0.62781061716208297
1117.617618 0.62386366590198328
1121.121121 0.6201145325465196
1124.624625 0.61721553584002076
1128.128128 0.61567963475186671
1131.631632 0.61579225762689938
1135.135135 0.61756099736650605
1138.638639 0.62071049088201902
1142.142142 0.62472342323725072
1145.645646 0.62892247204218854
1149.149149 0.63258199207025578
1152.652653 0.63505258338577919
1156.156156 0.63587753648041778
1159.659660 0.63487929021033451
1163.163163 0.63219793141523206
1166.666667 0.62827245426262368
1170.170170 0.62376713765312453
1173.673674 0.61945679137528475
1177.177177 0.61609254370764321
1180.680681 0.61427244219805888
1184.184184 0.61433859022576487
1187.687688 0.61631661375202185
1191.191191 0.61990610544001157
1194.694695 0.62452369948776021
1198.198198 0.62939377262425678
1201.701702 0.63367502210908055
1205.205205 0.6366044061817584
1208.708709 0.63763445090955828
1212.212212 0.63653803045004986
1215.715716 0.63345849524422015
1219.219219 0.62889284227824804
1222.722723 0.62360944106386962
1226.226226 0.61851572677256317
1229.729730 0.61450113407720353
1233.233233 0.61228391985336872
1236.736737 0.61228757134973988
1240.240240 0.61456549867107946
1243.743744 0.61878448270265107
1247.247247 0.62426961817991078
1250.750751 0.63010627703926891
1254.254254 0.63528699570645875
1257.757758 0.63888284713716237
1261.261261 0.64021126841341791
1264.764765 0.63896857612330737
1268.268268 0.63529864280953152
1271.771772 0.62978048034909406
1275.275275 0.62333451456287681
1278.778779 0.61706511849055468
1282.282282 0.6120699309753409
1285.785786 0.60925113576139445
1289.289289 0.60916030306708935
1292.792793 0.61189972608009213
1296.296296 0.61709337998553448
1299.799800 0.62393206209373486
1303.303303 0.63128966393018171
1306.806807 0.6378989676560558
1310.310310 0.64256466357565689
1313.813814 0.64438001621343532
1317.317317 0.64290618377929831
1320.820821 0.638274721794162
1324.324324 0.63118679902904951
1327.827828 0.62280479801267929
1331.331331 0.61455645295629269
1334.834835 0.60789025992148316
1338.338338 0.60402800522942945
1341.841842 0.60375565950291177
1345.345345 0.60728224686042065
1348.848849 0.61418391232579084
1352.352352 0.62344112008596198
1355.855856 0.63356995116390602
1359.359359 0.64283969596994017
1362.862863 0.64955479260007754
1366.366366 0.65236064605777067
1369.869870 0.65051666728751512
1373.373373 0.64407540454767642
1376.876877 0.63392040864610033
1380.380380 0.62164621868450287
1383.883884 0.60930177967404231
1387.387387 0.59904970497906052
1390.890891 0.59280711797010432
1394.394394 0.59192734288256743
1397.897898 0.59696319472473658
1401.401401 0.60753437259962728
1404.904905 0.62231231879089366
1408.408408 0.6391352377594639
1411.911912 0.65526400937079143
1415.415415 0.66777454305762751
1418.918919 0.67404918253969881
1422.422422 0.67228794334095399
1425.925926 0.6619296061387504
1429.429429 0.6438737055802376
1432.932933 0.62043573926575313
1436.436436 0.59503806430555228
1439.939940 0.57170985006191755
1443.443443 0.55451001118529053
1446.946947 0.54698034712248256
1450.450450 0.55169022578271631
1453.953954 0.56987923441030042
1457.457457 0.60117621395519094
1460.960961 0.64339216587564929
1464.464464 0.69244061970559523
1467.967968 0.74249394202446783
1471.471471 0.78649066301963366
1474.974975 0.81703867368575123
1478.478478 0.82762285479232311
1481.981982 0.81387480048633465
1485.485485 0.77456811590362529
1488.988989 0.71202226099752475
1492.492492 0.63174298994318145
1495.995996 0.54135404204393955
1499.499499 0.44909868048001977
1503.003003 0.3623227258229571
1506.506507 0.28634008744008482
1510.010010 0.223933834122167
1513.513514 0.17552275068386777
1517.017017 0.13981447491676169
1520.520521 0.11464851576954134
1524.024024 0.097738135838779827
1527.527528 0.087127675904414781
1531.031031 0.08133135359887933
1534.534535 0.079243464534017136
1538.038038 0.079964061811347617
1541.541542 0.082663334947073897
1545.045045 0.08654099143145548
1548.548549 0.090867019250147035
1552.052052 0.095051109054265004
1555.555556 0.098689832002102462
1559.059059 0.10156995249997534
1562.562563 0.10363835064908301
1566.066066 0.10496399444494817
1569.569570 0.10571029910503282
1573.073073 0.10611702871784255
1576.576577 0.10647579113928705
1580.080080 0.10708339054802332
1583.583584 0.10817255979789157
1587.087087 0.10983934951918325
1590.590591 0.11199731782737037
1594.094094 0.11438295347344812
1597.597598 0.11661690698290003
1601.101101 0.11830221422249093
1604.604605 0.11912598710115302
1608.108108 0.11893185368136287
1611.611612 0.1177449295940326
1615.115115 0.11575071748904073
1618.618619 0.11324418155682529
1622.122122 0.11056961286072868
1625.625626 0.10806659881643303
1629.129129 0.10602810494724281
1632.632633 0.10466973265583296
1636.136136 0.1041078428104905
1639.639640 0.10434719307067541
1643.143143 0.10528200247865287
1646.646647 0.10671428070450399
1650.150150 0.10838903659026244
1653.653654 0.11003994406972402
1657.157157 0.11143485179828269
1660.660661 0.11241064890325758
1664.164164 0.11289122185598652
1667.667668 0.11288801488917373
1671.171171 0.11248700439631636
1674.674675 0.11182713566870929
1678.178178 0.1110740950004932
1681.681682 0.11039177513290298
1685.185185 0.1099137418405363
1688.688689 0.1097186020665487
1692.192192 0.10981486576419505
1695.695696 0.11014060337136297
1699.199199 0.11057991291479494
1702.702703 0.11099287480438447
1706.206206 0.11125077685595972
1709.709710 0.11126648532005352
1713.213213 0.1110119640713082
1716.716717 0.11052000257498444
1720.220220 0.10987263110699258
1723.723724 0.10918196844629181
1727.227227 0.10856932671791406
1730.730731 0.10814615677006177
1734.234234 0.10799786726097096
1737.737738 0.10817045851723386
1741.241241 0.10866069477467365
1744.744745 0.10941212075870163
1748.248248 0.11031989305830611
1751.751752 0.11124601389425987
1755.255255 0.11204338048187736
1758.758759 0.11258360882838052
1762.262262 0.11278169192856799
1765.765766 0.11261125881796138
1769.269269 0.11210718860475993
1772.772773 0.11135616308389042
1776.276276 0.11047874152551976
1779.779780 0.109607726410422
1783.283283 0.10886705847540333
1786.786787 0.10835412263640087
1790.290290 0.10812713354891051
1793.793794 0.10819863552722987
1797.297297 0.10853585386642745
1800.800801 0.10906811072553055
1804.304304 0.1097004285918297
1807.807808 0.11033099401509439
1811.311311 0.11086898734936143
1814.814815 0.11124904754188504
1818.318318 0.1114395496606994
1821.821822 0.11144357430167925
1825.325325 0.11129325499958992
1828.828829 0.11103949252214856
1832.332332 0.11073958922143715
1835.835836 0.11044532644790879
1839.339339 0.11019366282409375
1842.842843 0.11000172037089294
1846.346346 0.10986699466110833
1849.849850 0.1097726749083538
1853.353353 0.10969668158536387
1856.856857 0.10962189578370267
1860.360360 0.10954455960828177
1863.863864 0.1094782719621417
1867.367367 0.10945226975659811
1870.870871 0.10950427283821151
1874.374374 0.10966950428156344
1877.877878 0.10996825892213567
1881.381381 0.1103946469064854
1884.884885 0.1109091421178964
1888.388388 0.11143742266109043
1891.891892 0.11187746411261587
1895.395395 0.1121155237018604
1898.898899 0.11204939962734441
1902.402402 0.11161469051375518
1905.905906 0.11080784566816902
1909.409409 0.10969972833103817
1912.912913 0.1084355643394023
1916.416416 0.1072206564817373
1919.919920 0.10629440788199007
1923.423423 0.10589654277334272
1926.926927 0.10622879965527798
1930.430430 0.10741428320861977
1933.933934 0.10945726012823762
1937.437437 0.11220955682364078
1940.940941 0.11535445979786557
1944.444444 0.11842136828713952
1947.947948 0.12084033650056825
1951.451451 0.1220337596428618
1954.954955 0.12152640594054394
1958.458458 0.11904273315148602
1961.961962 0.11456054916949619
1965.465465 0.10830649141507455
1968.968969 0.10070678889882537
1972.472472 0.092333287615380427
1975.975976 0.083893828306122326
1979.479479 0.076297478707903529
1982.982983 0.070781530041570409
1986.486486 0.069035887648736818
1989.989990 0.073227383202673732
1993.493493 0.085834123846573129
1996.996997 0.10925512814835035
2000.500501 0.14524808236482606
2004.004004 0.19433482278444644
2007.507508 0.25536188784539332
2011.011011 0.32538607125177604
2014.514515 0.39997132518138495
2018.018018 0.47386011087960317
2021.521522 0.54186354715322316
2025.025025 0.59974431719458587
2028.528529 0.6448696920822633
2032.032032 0.67648615882389584
2035.535536 0.69558272662716447
2039.039039 0.70442465341527538
2042.542543 0.70591522573118104
2046.046046 0.70296111133136552
2049.549550 0.69798095535471139
2053.053053 0.6926296770586825
2056.556557 0.68774088700714764
2060.060060 0.68343944610211094
2063.563564 0.67935464105400356
2067.067067 0.67486780005512503
2070.570571 0.66934500148884313
2074.074074 0.66232432755098003
2077.577578 0.65364138081395584
2081.081081 0.64348595591224489
2084.584585 0.63238970099840841
2088.088088 0.6211519978959249
2091.591592 0.6107193791804304
2095.095095 0.60204050693970401
2098.598599 0.59592151895412537
2102.102102 0.59290437036880816
2105.605606 0.59318483184300974
2109.109109 0.59657951640086149
2112.612613 0.60254478468392991
2116.116116 0.61024514568564669
2119.619620 0.61866390428701867
2123.123123 0.62674319127317568
2126.626627 0.63353425933761498
2130.130130 0.63833391188424693
2133.633634 0.64078197336090681
2137.137137 0.64089990640888128
2140.640641 0.63906190271670449
2144.144144 0.63590429811765781
2147.647648 0.63219269178290949
2151.151151 0.6286746533722517
2154.654655 0.62594726002177203
2158.158158 0.62436332779168058
2161.661662 0.62399044753109778
2165.165165 0.62462581604286083
2168.668669 0.6258598346437616
2172.172172 0.6271739111960184
2175.675676 0.62805333963137888
2179.179179 0.62809465480186322
2182.682683 0.62708852857269004
2186.186186 0.62506399355757802
2189.689690 0.62228696227556579
2193.193193 0.61921435885610532
2196.696697 0.61641294193957608
2200.200200 0.61445747317044819
2203.703704 0.61382545848000647
2207.207207 0.61480542408301675
2210.710711 0.61743336719547681
2214.214214 0.62146837006714239
2217.717718 0.62641358108726086
2221.221221 0.63158261157017614
2224.724725 0.63620384189896906
2228.228228 0.63954707423294388
2231.731732 0.64105043844022136
2235.235235 0.64042297757387412
2238.738739 0.63770169371561092
2242.242242 0.6332509159776547
2245.745746 0.62770432659632858
2249.249249 0.62186209463151454
2252.752753 0.6165637400183227
2256.256256 0.61255972301767525
2259.759760 0.61040183510209256
2263.263263 0.61036655277475194
2266.766767 0.6124192461113328
2270.270270 0.61622206717024675
2273.773774 0.62118438193553094
2277.277277 0.62655057037137984
2280.780781 0.63151492446513324
2284.284284 0.63534758359509025
2287.787788 0.63751086093693043
2291.291291 0.63774446362751258
2294.794795 0.6361026478155859
2298.298298 0.63293587464386414
2301.801802 0.62882146487374602
2305.305305 0.62445839336337883
2308.808809 0.62054757393223259
2312.312312 0.61767950747921974
2315.815816 0.61624695337587976
2319.319319 0.61639368002596284
2322.822823 0.61800371120357389
2326.326326 0.62073007126621482
2329.829830 0.6240577790109838
2333.333333 0.62739201776131448
2336.836837 0.6301586423781731
2340.340340 0.63190109170033526
2343.843844 0.63235679476458861
2347.347347 0.63149866067011251
2350.850851 0.62953351243956912
2354.354354 0.62685809277070181
2357.857858 0.62398209401925642
2361.361361 0.62143399003527211
2364.864865 0.61966771266461662
2368.368368 0.61898640785089865
2371.871872 0.61949489783433553
2375.375375 0.62108678468720713
2378.878879 0.62346665499405751
2382.382382 0.62620308267831082
2385.885886 0.62880401690620114
2389.389389 0.63080266383303396
2392.892893 0.6318395998568711
2396.396396 0.63172651615804354
2399.899900 0.63047952389360928
2403.403403 0.62831540981960188
2406.906907 0.62561157384149868
2410.410410 0.62283770532780058
2413.913914 0.62047257627012475
2417.417417 0.6189213975566652
2420.920921 0.61844792493102474
2424.424424 0.61913184078168881
2427.927928 0.62085718404199908
2431.431431 0.62333278252775737
2434.934935 0.62614121111063192
2438.438438 0.62880881051085113
2441.941942 0.6308858710489097
2445.445445 0.63202373440810278
2448.948949 0.63203515920651809
2452.452452 0.63092657417161058
2455.955956 0.62889584528776166
2459.459459 0.6262959556589881
2462.962963 0.62357181834976816
2466.466466 0.62118248972029422
2469.969970 0.61952313838433359
2473.473473 0.61886011807596752
2476.976977 0.61928918753255269
2480.480480 0.620722509310356
2483.983984 0.62290553256546788
2487.487487 0.62546070396973974
2490.990991 0.62795124915525968
2494.494494 0.62995511716508679
2497.997998 0.63113700060299394
2501.501502 0.63130586759552654
2505.005005 0.6304473387608126
2508.508509 0.62872461205735952
2512.012012 0.62644771358613538
2515.515516 0.62401714811650255
2519.019019 0.6218528851282088
2522.522523 0.62032188076384676
2526.026026 0.61967674232262782
2529.529530 0.62001529149980072
2533.033033 0.62126671443473869
2536.536537 0.623205651447997
2540.040040 0.62549152765430305
2543.543544 0.62772685350899182
2547.047047 0.6295252706703246
2550.550551 0.63057814413323254
2554.054054 0.6307081071445183
2557.557558 0.62989970005150653
2561.061061 0.62830118430320081
2564.564565 0.62619710039931464
2568.068068 0.62395688542964278
2571.571572 0.62196940621858421
2575.075075 0.62057552289404971
2578.578579 0.62001046817655503
2582.082082 0.62036536972004075
2585.585586 0.62157354158478206
2589.089089 0.62342308842436145
2592.592593 0.62559345564056357
2596.096096 0.62771007755620822
2599.599600 0.62940841669173508
2603.103103 0.63039680899925354
2606.606607 0.63050717198548023
2610.110110 0.62972426879705046
2613.613614 0.62818789825506616
2617.117117 0.62616749091201418
2620.620621 0.62401396169262402
2624.124124 0.62209796023837238
2627.627628 0.62074586925314645
2631.131131 0.62018471256185559
2634.634635 0.62050493037158316
2638.138138 0.62164654739009384
2641.641642 0.62341039561037404
2645.145145 0.62549229677346041
2648.648649 0.62753473841809781
2652.152152 0.62918780583173006
2655.655656 0.63016930928142989
2659.159159 0.63031367207232869
2662.662663 0.62960065429358669
2666.166166 0.6281584230295757
2669.669670 0.62624028592486347
2673.173173 0.62417949860409827
2676.676677 0.62233068495390276
2680.180180 0.62100861439035038
2683.683684 0.62043502643743487
2687.187187 0.62070219726572562
2690.690691 0.62175872090907269
2694.194194 0.62341928151517279
2697.697698 0.62539655779979786
2701.201201 0.62735012549336167
2704.704705 0.62894453461574584
2708.208208 0.62990696963130011
2711.711712 0.63007451309833695
2715.215215 0.62942242568390205
2718.718719 0.62806807052486657
2722.222222 0.62624964026195296
2725.725726 0.62428369027551212
2729.229229 0.62250946774296678
2732.732733 0.62123023266703259
2736.236236 0.62066184020549209
2739.739740 0.62089705084829205
2743.243243 0.62189100517182327
2746.746747 0.62346975352962519
2750.250250 0.62536019918097807
2753.753754 0.62723661315651202
2757.257257 0.62877625206525523
2760.760761 0.62971488123241215
2764.264264 0.62989260576851114
2767.767768 0.62928170935458572
2771.271271 0.62799123460969708
2774.774775 0.62624733950097711
2778.278278 0.62435309781761972
2781.781782 0.62263527092061532
2785.285285 0.62138777742601226
2788.788789 0.62082176238527742
2792.292292 0.62103052818332127
2795.795796 0.62197472869943604
2799.299299 0.62348981882782206
2802.802803 0.62531431561138651
2806.306306 0.62713429348767757
2809.809810 0.62863695683445486
2813.313313 0.62956442785078648
2816.816817 0.62975846606486807
2820.320320 0.62918804421573227
2823.823824 0.62795458386850778
2827.327327 0.62627376392958156
2830.830831 0.62443727676353589
2834.334334 0.62276166562513791
2837.837838 0.62153357554369271
2841.341341 0.62096101306301588
2844.844845 0.62113871004966015
2848.348348 0.6220329704844173
2851.851852 0.62348808829084545
2855.355355 0.62525307337858083
2858.858859 0.6270243484274608
2862.362362 0.62849753989126089
2865.865866 0.62941979703517226
2869.369369 0.6296336239697029
2872.872873 0.62910433256618192
2876.376376 0.62792596177307802
2879.879880 0.62630445149682501
2883.383383 0.62452117455929768
2886.886887 0.62288360870306925
2890.390390 0.62167213562644019
2893.893894 0.62109230058210163
2897.397397 0.62124049131566228
2900.900901 0.6220884067358452
2904.404404 0.62348849871773859
2907.907908 0.62519929298606081
2911.411411 0.62692647018250103
2914.914915 0.62837308137621217
2918.418418 0.62929059207929017
2921.921922 0.62952197166187085
2925.425425 0.6290290889734732
2928.928929 0.62789928649851567
2932.432432 0.62632980101866376
2935.935936 0.62459288750782571
2939.439439 0.62298811385959285
2942.942943 0.62179050861482943
2946.446446 0.62120366734503485
2949.949950 0.62132566219361185
2953.453453 0.62213312583482117
2956.956957 0.62348578709172009
2960.460460 0.62515052261529225
2963.963964 0.62684100597524084
2967.467467 0.62826655289280264
2970.970971 0.62918208399550735
2974.474474 0.62943061888428486
2977.977978 0.62897068571060222
2981.481481 0.62788352968103145
2984.984985 0.62635867176089288
2988.488488 0.6246604499619639
2991.991992 0.62308173170775505
2995.495495 0.62189321319101176
2998.998999 0.62129721629933621
3002.502503 0.62139373489391048
3006.006006 0.62216411184317
3009.509510 0.62347471680848676
3013.013013 0.62509983861707785
3016.516517 0.6267600580887186
3020.020020 0.62816990227948377
3023.523524 0.62908690094364617
3027.027027 0.62935362561331398
3030.530531 0.62892519221889809
3034.034034 0.62787710575927413
3037.537538 0.62639188139562896
3041.041041 0.62472686631681285
3044.544545 0.62316920023540712
3048.048048 0.62198609716749764
3051.551552 0.62137919360664517
3055.055055 0.62145064300475761
3058.558559 0.62218635836631453
3062.062062 0.62345886631500991
3065.565566 0.62504912868019769
3069.069069 0.62668376824186378
3072.572573 0.62808168224974004
3076.076076 0.62900233970720332
3079.579580 0.62928748351119179
3083.083083 0.6288887924865546
3086.586587 0.62787636333611407
3090.090090 0.62642632960023603
3093.593594 0.62478984736250209
3097.097097 0.62324915870879938
3100.600601 0.62206871027131649
3104.104104 0.62144993208078247
3107.607608 0.62149730335885067
3111.111111 0.62220113725321213
3114.614615 0.62343964262577989
3118.118118 0.62499975534869445
3121.621622 0.62661333445203826
3125.125125 0.62800287168700131
3128.628629 0.62892916357632156
3132.132132 0.62923278407321848
3135.635636 0.62886196635716396
3139.139139 0.62788172286399313
3142.642643 0.62646240283782206
3146.146146 0.62484973447682401
3149.649650 0.62332185721240962
3153.153153 0.62214114146285338
3156.656657 0.62150928464597555
3160.160160 0.62153327415597037
3163.663664 0.62220768901037071
3167.167167 0.62341599491274768
3170.670671 0.62495045684439798
3174.174174 0.62654741264340907
3177.677678 0.6279322051854388
3181.181181 0.62886635518350653
3184.684685 0.62918890789565285
3188.188188 0.62884459628293188
3191.691692 0.62789360642626502
3195.195195 0.62650102499878757
3198.698699 0.62490784301500568
3202.202202 0.62338883479513718
3205.705706 0.62220495260687569
3209.209209 0.62155863135342715
3212.712713 0.6215595749550662
3216.216216 0.62220654563069755
3219.719720 0.6233879101198444
3223.223223 0.62490069492189892
3226.726727 0.62648503282430834
3230.230230 0.62786843305174422
3233.733734 0.62881257164953719
3237.237237 0.62915461042926568
3240.740741 0.62883570277461376
3244.244244 0.62791141670218531
3247.747748 0.62654203285179932
3251.251251 0.62496442664642748
3254.754755 0.62345068342604493
3258.258258 0.62226095106568857
3261.761762 0.62159885060339137
3265.265265 0.62157701381094943
3268.768769 0.6221983284778031
3272.272272 0.62335574816518724
3275.775776 0.62485054377550642
3279.279279 0.62642600984403463
3282.782783 0.62781117951282539
3286.286286 0.6287673423815543
3289.789790 0.62912942973216546
3293.293293 0.62883492379384509
3296.796797 0.62793495406283495
3300.300300 0.62658541288763614
3303.803804 0.62501964100044816
3307.307307 0.62350767634366533
3310.810811 0.62230945404713345
3314.314314 0.62163022373731114
3317.817818 0.62158576637850604
3321.321321 0.62218306130771384
3324.824825 0.62331936703554158
3328.328328 0.62479971662024791
3331.831832 0.62636996397212596
3335.335335 0.6277600446368049
3338.838839 0.62873032685767161
3342.342342 0.62911315557488912
3345.845846 0.62884222745213636
3349.349349 0.62796438041422564
3352.852853 0.62663150024002501
3356.356356 0.6250739414021016
3359.859860 0.62356031324615946
3363.363363 0.62235092080340693
3366.866867 0.62165309091431453
3370.370370 0.62158599506606105
3373.873874 0.62216070026287507
3377.377377 0.62327852313961307
3380.880881 0.62474781062869977
3384.384384 0.6263164006964832
3387.887888 0.62771452515623338
3391.391391 0.6287010968417388
3394.894895 0.6291055045922066
3398.398398 0.62885751883470653
3401.901902 0.62799979919077609
3405.405405 0.62668057182541015
3408.908909 0.62512772398212024
3412.412412 0.62360903640140952
3415.915916 0.62238576145425417
3419.419419 0.62166776058422168
3422.922923 0.62157785775129393
3426.426426 0.62213123219647137
3429.929930 0.62323304298451043
3433.433433 0.62469453101599381
3436.936937 0.62626496370636175
3440.440440 0.62767427243114204
3443.943944 0.62867937703741694
3447.447447 0.62910632471228523
3450.950951 0.62888079396674279
3454.454454 0.62804135006978967
3457.957958 0.62673287868219474
3461.461461 0.62518129789614307
3464.964965 0.62365414969465227
3468.468468 0.62241421354662207
3471.971972 0.6216743568643851
3475.475475 0.62156134072323621
3478.978979 0.6220945081870739
3482.482482 0.62318267138501937
3485.985986 0.62463956611578764
3489.489489 0.62621534613070029
3492.992993 0.62763904555619088
3496.496496 0.62866504176658966
3500.000000 0.62911563305885232
