0 0 0 0 0 0.10828685419525999 0.68841179217093007 0 0
1 -1 0 0 0 -0.037445850310138314 0.095167090433216694 0 0
2 1 0 0 0 -0.033993390905356323 0.09659309808344084 0 0
3 -2 0 0 0 0.034872280583914193 -0.085203115981410504 0 0
4 2 0 0 0 0.028630686406708926 -0.087725306452603777 0 0
5 -3 0 0 0 -0.029659068111880214 0.070488637988535871 0 0
6 3 0 0 0 -0.021828684706996768 0.073525657760902099 0 0
7 -4 0 0 0 0.022454828460291908 -0.052752430047876234 0 0
8 4 0 0 0 0.014544069204535742 -0.055609240233062809 0 0
9 -5 0 0 0 -0.014181113182605072 0.033973882364192687 0 0
10 5 0 0 0 -0.0077178611294442898 0.036006129377587563 0 0
11 -6 0 0 0 0.0058855616877591136 -0.016115189702365178 0 0
12 6 0 0 0 0.0021234171734748554 -0.016880709382335976 0 0
13 -7 0 0 0 0.0014236501092470899 0.00087060556182583563 0 0
14 7 0 0 0 0.0017483480035719551 0.00023173668139312624 0 0
15 -8 0 0 0 -0.0069330854592156588 0.010532444069260292 0 0
16 8 0 0 0 -0.0037465535241623681 0.01238024641840128 0 0
17 -9 0 0 0 0.010142548257181475 -0.017455259913369225 0 0
18 9 0 0 0 0.0040522457854104462 -0.020035254215762362 0 0
19 -10 0 0 0 -0.010927535152511901 0.019880463471473674 0 0
20 10 0 0 0 -0.0031091029801361631 0.022554158084854184 0 0
21 -11 0 0 0 0.0095368568256353151 -0.018356767933105513 0 0
22 11 0 0 0 0.0015094167600710434 -0.020481920289694613 0 0
23 -12 0 0 0 -0.0065283819019245608 0.013870057599588254 0 0
24 12 0 0 0 0.00013973589050380689 0.014958381183261463 0 0
25 -13 0 0 0 0.0026566475472617045 -0.0076646033720817576 0 0
26 13 0 0 0 -0.0013420158760670223 -0.0075002953608842137 0 -0
27 -14 0 0 0 0.0012660026435791212 0.0010437615486826618 0 0
28 14 0 0 0 0.0018036164659757962 -0.00026663751867350921 0 0
29 -15 0 0 0 -0.0045093771486997732 0.0048196618253986247 0 0
30 15 0 0 0 -0.0014738915483116881 0.0068787935684458748 0 0
31 -16 0 0 0 0.0065421045399441232 -0.0090368289700983005 0 0
32 16 0 0 0 0.00052892918946955509 -0.011261990231601923 0 0
33 -17 0 0 0 -0.0071059424960388138 0.011100760024752652 0 0
34 17 0 0 0 0.00069521779375778415 0.012877243199619019 0 0
35 -18 0 0 0 0.0062371564960006396 -0.010918923924010669 0 0
36 18 0 0 0 -0.0018020353316169188 -0.011762649478613357 0 -0
37 -19 0 0 0 -0.0042343931776846581 0.0087810534828402492 0 0
38 19 0 0 0 0.002442377280329915 0.0084688144021340568 0 0
39 -20 0 0 0 0.0015820891807231806 -0.0052722118817417635 0 0
40 20 0 0 0 -0.0024050090921780556 -0.00390515277386969 0 -0
41 -21 0 0 0 0.0011540359512465465 0.0011485299421769295 0 0
42 21 0 0 0 0.0016689027058725944 -0.00086932598581375745 0 0
43 -22 0 0 0 -0.0034387219120986276 0.0028026211728178945 0 0
44 22 0 0 0 -0.00040574999278220015 0.0048676759564779083 0 0
45 -23 0 0 0 0.0048653031231987035 -0.0058954027275112857 0 0
46 23 0 0 0 -0.0010667942300086374 -0.0073652428278768991 0 -0
47 -24 0 0 0 -0.0052230515971943507 0.0076511658975748301 0 0
48 24 0 0 0 0.0023687657878945795 0.0080225535587200424 0 0
49 -25 0 0 0 0.0045231673763135253 -0.0078623448704881228 0 0
50 25 0 0 0 -0.0031571710797194731 -0.0069199981911532704 0 -0
51 -26 0 0 0 -0.0029810993736021489 0.0066072616782752473 0 0
52 26 0 0 0 0.0032158231593326066 0.0045023867203255723 0 0
53 -27 0 0 0 0.00096114472156533877 -0.0042165842811364204 0 0
54 27 0 0 0 -0.0025129233199985257 -0.0014503426589015506 0 -0
55 -28 0 0 0 0.001103969507059115 0.0011997499092800351 0 0
56 28 0 0 0 0.0012114400818439043 -0.0014896770288758668 0 0
57 -29 0 0 0 -0.0028017635371787634 0.0018543804303944654 0 0
58 29 0 0 0 0.00037099797739045533 0.0036772849350161616 0 0
59 -30 0 0 0 0.0038194722300463444 -0.0043848848727913994 0 0
60 30 0 0 0 -0.0018432625827470457 -0.004713619271324355 0 -0
61 -31 0 0 0 -0.0039994640932643384 0.0059558566044031506 0 0
62 31 0 0 0 0.0028428039401609761 0.0045114847441879418 0 0
63 -32 0 0 0 0.0033611151293656176 -0.0063272805302858363 0 0
64 32 0 0 0 -0.0031324792458454634 -0.0032870771700171317 0 -0
65 -33 0 0 0 -0.0020865754544016992 0.0054886973789320045 0 0
66 33 0 0 0 0.0026662045414905036 0.001478710184605534 0 0
67 -34 0 0 0 0.00047501171617143006 -0.003651223290785328 0 0
68 34 0 0 0 -0.0016041716684536253 0.00038484253038949555 0 0
69 -35 0 0 0 0.0011241163280941648 0.0012006705935464516 0 0
70 35 0 0 0 0.00027016353768108224 -0.0018316150634794424 0 0
71 -36 0 0 0 -0.0023844973294261155 0.0013788920951465333 0 0
72 36 0 0 0 0.00094193255244164845 0.002569958837806093 0 0
73 -37 0 0 0 0.0030681225658734592 -0.0035968858229794443 0 0
74 37 0 0 0 -0.0016905763747319543 -0.002552901350158834 0 -0
75 -38 0 0 0 -0.0030693830505663846 0.0050466002315325267 0 0
76 38 0 0 0 0.001803309541704889 0.0019605020725275203 0 0
77 -39 0 0 0 0.0024300448182900496 -0.0054780242138198409 0 0
78 39 0 0 0 -0.0013439734058613183 -0.0010990902201914944 0 -0
79 -40 0 0 0 -0.0013232147669274121 0.0048402727013273604 0 0
80 40 0 0 0 0.00058654446362215568 0.00024968395902913996 0 0
81 -41 0 0 0 1.0789058152013735e-05 -0.003286347788715904 0 0
82 41 0 0 0 0.00012301820326860507 0.00045916459070433784 0 0
83 -42 0 0 0 0.0012158297002273129 0.0011398628792494295 0 0
84 42 0 0 0 -0.00056299473872783068 -0.0010571320326945919 0 -0
85 -43 0 0 0 -0.0020988021008715948 0.0011696741112462161 0 0
86 43 0 0 0 0.00074498226602305237 0.0015895180671042562 0 0
87 -44 0 0 0 0.0024673470229877093 -0.0031906376081442542 0 0
88 44 0 0 0 -0.00081737613554339755 -0.0019650568810958271 0 -0
89 -45 0 0 0 -0.0022706652222750237 0.0045362115030904851 0 0
90 45 0 0 0 0.00085984447341271931 0.0019866203034660619 0 0
91 -46 0 0 0 0.0015839098953185796 -0.0049579688787538094 0 0
92 46 0 0 0 -0.00080445591852427621 -0.0015416856489985651 0 -0
93 -47 0 0 0 -0.00058669746990550563 0.0043921160817522202 0 0
94 47 0 0 0 0.00054560091431742454 0.00073185808086109186 0 0
95 -48 0 0 0 -0.00048046204536909452 -0.0029695987703863293 0 -0
96 48 0 0 0 -8.1866403720484688e-05 0.00017695723880862242 0 0
97 -49 0 0 0 0.001371784001308585 0.0009881904137507148 0 0
98 49 0 0 0 -0.0004485691102659877 -0.00090551394646914344 0 -0
99 -50 0 0 0 -0.0018914107493852447 0.0011479540637035976 0 0
100 50 0 0 0 0.00084159592087505362 0.0012881316094901813 0 0
101 -51 0 0 0 0.0019360202996775099 -0.0030094135186209663 0 0
102 51 0 0 0 -0.00093864795957404818 -0.0013140624432856258 0 -0
103 -52 0 0 0 -0.0015156096550244134 0.0042272811691799047 0 0
104 52 0 0 0 0.00070736507643976679 0.0010877113543512312 0 0
105 -53 0 0 0 0.00074816938032182311 -0.0045665753564934934 0 0
106 53 0 0 0 -0.0002546595980236057 -0.000746397022890246 0 -0
107 -54 0 0 0 0.00017016553930926029 0.0039725874574251105 0 0
108 54 0 0 0 -0.00022946749062366368 0.00038396880684064621 0 0
109 -55 0 0 0 -0.0010124093838650523 -0.0025807900060161328 0 -0
110 55 0 0 0 0.00056783546833503616 -2.0355603651708719e-05 0 0
111 -56 0 0 0 0.0015744863739808436 0.00068820741277588653 0 0
112 56 0 0 0 -0.00068103394415150627 -0.00036792644540455826 0 -0
113 -57 0 0 0 -0.0017230565324065047 0.0013080432498334038 0 0
114 57 0 0 0 0.00061113041875266382 0.00077907451844467482 0 0
115 -58 0 0 0 0.0014263899268682969 -0.0029925873767598222 0 0
116 58 0 0 0 -0.00046681567065296793 -0.0011348810899843697 0 -0
117 -59 0 0 0 -0.00076117447524409417 0.0040172704503200624 0 0
118 59 0 0 0 0.00032968050365913339 0.0013003122451394175 0 0
119 -60 0 0 0 -0.00010630390816688402 -0.0041726662685207961 0 -0
120 60 0 0 0 -0.00019925498416727575 -0.0011720320346925413 0 -0
121 -61 0 0 0 0.00096021868994409035 0.0034307739302803786 0 0
122 61 0 0 0 2.4547247333269117e-05 0.00076501165515873175 0 0
123 -62 0 0 0 -0.0015871233781459798 -0.0019499671187362204 0 -0
124 62 0 0 0 0.00021302042377659771 -0.00021824818653153996 0 0
125 -63 0 0 0 0.0018275105239348357 4.1111152375372072e-05 0 0
126 63 0 0 0 -0.00045005035608796013 -0.00028710174928702511 0 -0
127 -64 0 0 0 -0.0016147612110277044 0.0018980694752335045 0 0
128 64 0 0 0 0.00057213556974047646 0.00062731919436920019 0 0
129 -65 0 0 0 0.0009920927861039703 -0.0034665438288548466 0 0
130 65 0 0 0 -0.00049523490926676149 -0.00077939718144735685 0 -0
131 -66 0 0 0 -0.00010322605740821454 0.0043437609020192886 0 0
132 66 0 0 0 0.00022954562668245791 0.0007907892889114428 0 0
