0.000000 0.6295320337624879
3.503504 0.62914140978604605
7.007007 0.6280924453152763
10.510511 0.62656578255133866
14.014014 0.62482438364833248
17.517518 0.62316795025904004
21.021021 0.62188127490259504
24.524525 0.62118547695767334
28.028028 0.62120034694389403
31.531532 0.62192398889266765
35.035035 0.62323304697718696
38.538539 0.6249034845270699
42.042042 0.62664857676300467
45.545546 0.62816790091596453
49.049049 0.62919909653353145
52.552553 0.62956344525959695
56.056056 0.62919716591238373
59.559560 0.62816273011096557
63.063063 0.62663808962906153
66.566567 0.624885751855215
70.070070 0.62320728587888419
73.573574 0.62189134422112646
77.077077 0.6211642187328148
80.580581 0.62115127721097874
84.084084 0.62185562622454371
87.587588 0.62315745034642467
91.091091 0.62483414608605881
94.594595 0.62659802753459226
98.098098 0.62814544894313606
101.601602 0.62920910840211752
105.105105 0.62960449649845751
108.608609 0.6292622327685129
112.112112 0.62824040169134465
115.615616 0.62671458555573534
119.119119 0.62494737861092509
122.622623 0.62324288657650118
126.126126 0.62189430410997271
129.629630 0.62113367467951675
133.133133 0.62109232171768958
136.636637 0.62177846779540713
140.140140 0.62307566586451246
143.643644 0.6247623143119021
147.147147 0.62654914503199666
150.650651 0.62812858119598103
154.154154 0.62922770427598562
157.657658 0.62965568875309763
161.161161 0.62933727338060197
164.664665 0.62832616953946041
168.168168 0.62679589976239747
171.671672 0.62500969836447462
175.175175 0.62327490942493979
178.678679 0.62188999973433068
182.182182 0.62109339838857558
185.685686 0.62102281515551516
189.189189 0.62169174273346028
192.692693 0.62298695207685373
196.196196 0.62468741045954357
199.699700 0.62650162102721918
203.203203 0.6281173221961921
206.706707 0.6292552455103213
210.210210 0.62971766376708571
213.713714 0.62942310159158654
217.217217 0.62842087793637769
220.720721 0.62688275692262785
224.224224 0.62507318465370509
227.727728 0.62330348767674137
231.231231 0.62187819381252185
234.734735 0.62104281700116748
238.238238 0.62094194427526805
241.741742 0.62159453734140446
245.245245 0.62289045599352677
248.748749 0.62460879674224523
252.252252 0.62645515316099798
255.755756 0.62811176845054106
259.259259 0.6292922210067412
262.762763 0.62979122559094358
266.266266 0.62952070066805776
269.769770 0.62852551795631773
273.273273 0.62697597926116733
276.776777 0.62513834063240226
280.280280 0.62332870894317893
283.783784 0.62185853372204192
287.287287 0.6209811903655913
290.790791 0.62084870375539247
294.294294 0.62148575327617661
297.797798 0.62278517931420285
301.301301 0.62452575557197676
304.804805 0.62640944055658798
308.308308 0.62811210153343622
311.811812 0.62933927628089426
315.315315 0.62987738167743512
318.818819 0.62963127053367041
322.322322 0.62864127391937763
325.825826 0.6270765253893571
329.329329 0.62520572465419277
332.832833 0.62335062402164287
336.336336 0.62183054276799743
339.839840 0.62090758677441116
343.343343 0.62074186093292127
346.846847 0.62136406755870643
350.350350 0.62266994073031245
353.853854 0.6244374607243971
357.357357 0.62636416884355217
360.860861 0.62811858949115817
364.364364 0.6293972307975465
367.867868 0.62997737274910182
371.371371 0.62975626438934684
374.874875 0.62876955963188685
378.378378 0.62718551898625508
381.881882 0.62527596550504982
385.385385 0.62336924519557679
388.888889 0.621793601161307
392.392392 0.62082084947087091
395.895896 0.62061991350463563
399.399399 0.62122788903195203
402.902903 0.62254333931926509
406.406406 0.624342955025327
409.909910 0.62631900729818368
413.413413 0.62813160534358414
416.916917 0.62946711595300786
420.420420 0.63009272472671163
423.923924 0.62989744622274091
427.427427 0.62891207167666685
430.930931 0.62730428835526342
434.434434 0.62534978072332159
437.937938 0.62338453923264614
441.441441 0.62174691385735403
444.944945 0.62071954384728378
448.448448 0.62048102433229979
451.951952 0.62107529147649476
455.455455 0.62240369740355805
458.958959 0.62424111318940656
462.462462 0.62627359887502843
465.965966 0.62815164709110538
469.469469 0.62955022270194283
472.972973 0.63022531666314685
476.476476 0.63005696787874177
479.979980 0.62907086245407551
483.483483 0.62743442257209481
486.986987 0.62542800559969713
490.490490 0.62339642347326008
493.993994 0.6216894735789591
497.497497 0.62060189302051294
501.001001 0.62032294014635114
504.504505 0.62090392931216731
508.008008 0.62224898814787344
511.511512 0.62413059470391807
515.015015 0.62622754785532386
518.518519 0.628179363828132
522.022022 0.62964816311297533
525.525526 0.63037746821779039
529.029029 0.63023746786668966
532.532533 0.62924843312253431
536.036036 0.62757784177574027
539.539540 0.62551162749668809
543.043043 0.62340475680250751
546.546547 0.6216200084825394
550.050050 0.62046568985842032
553.553554 0.62014288213473923
557.057057 0.620710925273532
560.560561 0.62207674015326764
564.064064 0.62400978310840272
567.567568 0.62618040630453031
571.071071 0.62821559410739258
574.574575 0.629762956340161
578.078078 0.6305520602091792
581.581582 0.63044220667821826
585.085085 0.62944786037729539
588.588589 0.62773689270453448
592.092092 0.62560183214925436
595.595596 0.62340932678961369
599.099099 0.62153691026611735
602.602603 0.62030817652181358
606.106106 0.61993739625224265
609.609610 0.62049271669906336
613.113113 0.62188390674119043
616.616617 0.62387670251694316
620.120120 0.62613165493589573
623.623624 0.62826141769662702
627.127127 0.62989714551452225
630.630631 0.63075269894493058
634.134134 0.63067525153112891
637.637638 0.62967296974859577
641.141141 0.62791447944400403
644.644645 0.62570006715154503
648.148148 0.62340983221633117
651.651652 0.62143813581029961
655.155155 0.62012587947494191
658.658659 0.61970214806554202
662.162162 0.62024484481408693
665.665666 0.62166668683862525
669.169169 0.62372890354439614
672.672673 0.62608067775318177
676.176176 0.62831822809776572
679.679680 0.63005396028830096
683.183183 0.63098394437360183
686.686687 0.63094173270539233
690.190190 0.62992857589415863
693.693694 0.6281142444065676
697.197197 0.62580812917554918
700.700701 0.6234058573762794
704.204204 0.62132106857640268
707.707708 0.61991437781432368
711.211211 0.61943163495600673
714.714715 0.61996165923037483
718.218218 0.62142027391404731
721.721722 0.62356330373629876
725.225225 0.62602672744227938
728.728729 0.62838783601842318
732.232232 0.63023754752829364
735.735736 0.63125163367463699
739.239239 0.63124820716948293
742.742743 0.63022082358686182
746.246246 0.62834082518406587
749.749750 0.6259282875639629
753.253253 0.62339683491407338
756.756757 0.62118232044486843
760.260260 0.61966797211792535
763.763764 0.61911877450904806
767.267267 0.61963589499290239
770.770771 0.62113849637302498
774.274274 0.62337595901002441
777.777778 0.62596887630804587
781.281281 0.62847261916242392
784.784785 0.63045330481063311
788.288288 0.63156334932081448
791.791792 0.63160318502921386
795.295295 0.63055768182934224
798.798799 0.62860022697356932
802.302302 0.62606346337707108
805.805806 0.62338199103696401
809.309309 0.62101744219936206
812.812813 0.61937920053343154
816.316316 0.61875430250867558
819.819820 0.61925805336467599
823.323323 0.62081329063420077
826.826827 0.62316172877057752
830.330330 0.6259059453508411
833.833834 0.62857574464417032
837.337337 0.63070837468425633
840.840841 0.63192911323365264
844.344344 0.63201791110841465
847.847848 0.63094967823375314
851.351351 0.62890037655572761
854.854855 0.62621749554522177
858.358358 0.62336026262296784
861.861862 0.62082048929332556
865.365365 0.61903811264092112
868.868869 0.61832586856262695
872.372372 0.61881547037605256
875.875876 0.62043390753700978
879.379379 0.62291377132261627
882.882883 0.62583639862060825
886.386386 0.62870150835489502
889.889890 0.63101239803805143
893.393393 0.63236244599949887
896.896897 0.63250755931364366
900.400400 0.63141102293091211
903.903904 0.62925197121799714
907.407407 0.62639554882572723
910.910911 0.62333016850927703
914.414414 0.62058335110939233
917.917918 0.61863114660696739
921.421421 0.61781663543711285
924.924925 0.61829087175598696
928.428428 0.61998567914951397
931.931932 0.62262275907952225
935.435435 0.62575818064691824
938.938939 0.62885586962239992
942.442442 0.63137870040660438
945.945946 0.63288203732426218
949.449449 0.63309311971640503
952.952953 0.63196138765855892
956.456456 0.62966982483395284
959.959960 0.62660476115833508
963.463463 0.62328960278871437
966.966967 0.62029467813828731
970.470470 0.61813933050300884
973.973974 0.61720303089376805
977.477477 0.61766004859554047
980.980981 0.61944803120784997
984.484484 0.62227561211073101
987.987988 0.62566845697445106
991.491491 0.62904732628500881
994.994995 0.63182623330141097
998.498498 0.63351448497674601
1002.002002 0.63380449978620312
1005.505506 0.63262883631130362
1009.009009 0.63017508996989158
1012.512513 0.62685531377728487
1016.016016 0.62323548937353357
1019.519520 0.61993809387190335
1023.023023 0.61753527816470832
1026.526527 0.61645098347641969
1030.030030 0.61688795536803975
1033.533534 0.61879113800212127
1037.037037 0.62185336293273108
1040.540541 0.62556318163721181
1044.044044 0.62928841324701867
1047.547548 0.6323828998829808
1051.051051 0.63429899863092554
1054.554555 0.63468586573667229
1058.058058 0.63345488703862884
1061.561562 0.63079910700981223
1065.065065 0.62716228891434445
1068.568569 0.62316317665761856
1072.072072 0.61948906383187385
1075.575576 0.61677791417800487
1079.079079 0.61550929191998793
1082.582583 0.61592181390018341
1086.086086 0.61796999133772956
1089.589590 0.62132736150485857
1093.093093 0.62543633724882941
1096.596597 0.62959841306015096
1100.100100 0.6330915766268902
1103.603604 0.63529594486724705
1107.107107 0.63580538119350838
1110.610611 0.63450377624325949
1114.114114 0.63159047431541426
1117.617618 0.62754909373877299
1121.121121 0.62306531435803592
1124.624625 0.61890907365112791
1128.128128 0.61580262724227652
1131.631632 0.61429719694550267
1135.135135 0.61467813226335011
1138.638639 0.6169131885337934
1142.142142 0.62065207638607289
1145.645646 0.62527850913059924
1149.149149 0.63000860007702342
1152.652653 0.63402178869004167
1156.156156 0.63660348824817814
1159.659660 0.63727426447497482
1163.163163 0.63588067669713089
1166.666667 0.6326290222705846
1170.170170 0.62805426505794815
1173.673674 0.62292962061172641
1177.177177 0.61813396277844868
1180.680681 0.61450142887489789
1184.184184 0.61267919736544096
1187.687688 0.61301624868624915
1191.191191 0.6154999490077695
1194.694695 0.6197502608756178
1198.198198 0.62507396844518004
1201.701702 0.63057328200607776
1205.205205 0.6352943986266395
1208.708709 0.63839300116385378
1212.212212 0.63928761040859272
1215.715716 0.63777099099415069
1219.219219 0.63405617415285653
1222.722723 0.62874639388623255
1226.226226 0.62273405799916048
1229.729730 0.61704820222718337
1233.233233 0.61267882972706444
1236.736737 0.61040859126397007
1240.240240 0.61067853085011925
1243.743744 0.61350772077132631
1247.247247 0.61847884695790234
1250.750751 0.6247939334464907
1254.254254 0.63139573220386969
1257.757758 0.63714010462427895
1261.261261 0.64099377064672058
1264.764765 0.64222301100288526
1268.268268 0.64053626425440147
1271.771772 0.63614991748687366
1275.275275 0.629761637832146
1278.778779 0.62243536885795236
1282.282282 0.61542055048776989
1285.785786 0.60993983502264659
1289.289289 0.60698232149358122
1292.792793 0.60713463971885362
1296.296296 0.6104738518311621
1299.799800 0.61653745965122642
1303.303303 0.62437773700118815
1306.806807 0.63269861727522814
1310.310310 0.64006147147720316
1313.813814 0.64513149701469263
1317.317317 0.64692278698074757
1320.820821 0.64499347093154802
1324.324324 0.63954770315256171
1327.827828 0.63141950485943188
1331.331331 0.62193969423492357
1334.834835 0.61271273162154594
1338.338338 0.60534701027760518
1341.841842 0.60118612453708287
1345.345345 0.60108208168030897
1348.848849 0.60524034313302988
1352.352352 0.61315666729206175
1355.855856 0.62365854337481741
1359.359359 0.63505633595981814
1362.862863 0.64539612745902952
1366.366366 0.65278571775024696
1369.869870 0.6557417006067906
1373.373373 0.65348883864685803
1376.876877 0.64614339932978404
1380.380380 0.63473400948258896
1383.883884 0.62105149734599341
1387.387387 0.60735959319835531
1390.890891 0.59602629684996411
1394.394394 0.58914277001932025
1397.897898 0.58818529718617796
1401.401401 0.59375753270481801
1404.904905 0.60543742951670154
1408.408408 0.6217510343817938
1411.911912 0.64029759360262439
1415.415415 0.65804364452799047
1418.918919 0.67177693886619361
1422.422422 0.6786653520512117
1425.925926 0.67681783264014617
1429.429429 0.66571879975823089
1432.932933 0.64642364017231879
1436.436436 0.62146206309830065
1439.939940 0.5944766758823079
1443.443443 0.56969155903665203
1446.946947 0.55132995963857467
1450.450450 0.54307380297732866
1453.953954 0.54760114874898169
1457.457457 0.56618970334593588
1460.960961 0.59836967965177579
1464.464464 0.64165598343316343
1467.967968 0.69146091808355004
1471.471471 0.74133334524796635
1474.974975 0.7836409613382932
1478.478478 0.81069459227185769
1481.981982 0.8161409551319031
1485.485485 0.79629550985847886
1488.988989 0.75102859199867278
1492.492492 0.683901599573842
1495.995996 0.60146118320488695
1499.499499 0.51186444085775007
1503.003003 0.4232239027815049
1506.506507 0.34214066760889222
1510.010010 0.27280623739966786
1513.513514 0.21683716844530687
1517.017017 0.17375222974836149
1520.520521 0.14181040287225938
1524.024024 0.11886672941064298
1527.527528 0.10297804595450825
1531.031031 0.0926506869269422
1534.534535 0.086787252980058877
1538.038038 0.084490051583137063
1541.541542 0.084885707328897178
1545.045045 0.087067113010938488
1548.548549 0.090154845388150412
1552.052052 0.093411957815201382
1555.555556 0.096331679110648383
1559.059059 0.098651645294923804
1562.562563 0.10030102873296115
1566.066066 0.10132422591557164
1569.569570 0.1018276274360403
1573.073073 0.10196867578447653
1576.576577 0.10197048180423575
1580.080080 0.10212470063956855
1583.583584 0.10275218092105333
1587.087087 0.1041193389974041
1590.590591 0.10633982133807986
1594.094094 0.10930655097078447
1597.597598 0.1126898639628556
1601.101101 0.11600890124151386
1604.604605 0.11875164916992041
1608.108108 0.12050036714154112
1611.611612 0.12102144276085791
1615.115115 0.12029809020339131
1618.618619 0.11850878038966928
1622.122122 0.11597140125048407
1625.625626 0.11307671800157672
1629.129129 0.11022706686393066
1632.632633 0.10778524117420699
1636.136136 0.10603194741856284
1639.639640 0.10513095762255557
1643.143143 0.10510632273828494
1646.646647 0.10583990849561081
1650.150150 0.10709560394958932
1653.653654 0.10856873288958832
1657.157157 0.10994962077260284
1660.660661 0.11098446657443209
1664.164164 0.11151797212825371
1667.667668 0.11150974948289465
1671.171171 0.11102608994145527
1674.674675 0.11021533217485527
1678.178178 0.10927621900780587
1681.681682 0.10842526956275651
1685.185185 0.10786482298303107
1688.688689 0.10775153444298344
1692.192192 0.10816692850112124
1695.695696 0.10909541344883504
1699.199199 0.110417587356047
1702.702703 0.11192505934104745
1706.206206 0.1133571793391009
1709.709710 0.11445248863308263
1713.213213 0.11500205418694957
1716.716717 0.1148909005952428
1720.220220 0.11411786209493385
1723.723724 0.11279125079784774
1727.227227 0.11110454576305073
1730.730731 0.10930026573264735
1734.234234 0.10763054784237318
1737.737738 0.10632081158185731
1741.241241 0.10554018039392465
1744.744745 0.1053805693655919
1748.248248 0.1058458429912774
1751.751752 0.1068524446359304
1755.255255 0.10824233424772509
1758.758759 0.10980740224708921
1762.262262 0.11132210423245938
1765.765766 0.11257886437812356
1769.269269 0.1134198134463123
1772.772773 0.1137591035808454
1776.276276 0.11359211423519261
1779.779780 0.11299061025930197
1783.283283 0.11208556822919805
1786.786787 0.11104143523778331
1790.290290 0.11002680373200542
1793.793794 0.10918681644747774
1797.297297 0.10862203803457779
1800.800801 0.10837708217310899
1804.304304 0.1084401778936652
1807.807808 0.10875255893424987
1811.311311 0.10922467985883234
1814.814815 0.10975531440939328
1818.318318 0.11024972962149106
1821.821822 0.11063407936591618
1825.325325 0.11086439956936965
1828.828829 0.11092965895439001
1832.332332 0.11084907524153481
1835.835836 0.11066450191388348
1839.339339 0.11042934857562529
1842.842843 0.11019623326624292
1846.346346 0.11000608416205941
1849.849850 0.1098812823251696
1853.353353 0.10982443535320335
1856.856857 0.10982270646643147
1860.360360 0.1098559129680922
1863.863864 0.10990555344498718
1867.367367 0.1099619102206754
1870.870871 0.11002727038888763
1874.374374 0.11011459834917671
1877.877878 0.110242138758067
1881.381381 0.11042520004912899
1884.884885 0.11066688235792509
1888.388388 0.11094997591132204
1891.891892 0.11123262627158295
1895.395395 0.11145025031359637
1898.898899 0.11152511888039328
1902.402402 0.11138292120480597
1905.905906 0.11097311315150493
1909.409409 0.11028805704491501
1912.912913 0.10937586821067961
1916.416416 0.10834361107107232
1919.919920 0.10735006926540201
1923.423423 0.10658925677609722
1926.926927 0.10626619157236385
1930.430430 0.10656566685028233
1933.933934 0.10761457048724271
1937.437437 0.10944053928029179
1940.940941 0.11193460409974883
1944.444444 0.1148306475061841
1947.947948 0.11771583071673421
1951.451451 0.12008018711448286
1954.954955 0.12140039594416811
1958.458458 0.1212373249176351
1961.961962 0.11931760885065402
1965.465465 0.11557371747045751
1968.968969 0.11013610764939394
1972.472472 0.10329793908315058
1975.975976 0.095493478438032658
1979.479479 0.087331464956704324
1982.982983 0.07969809033988462
1986.486486 0.073898195843860676
1989.989990 0.071757955985751132
1993.493493 0.075592632376635882
1996.996997 0.087966503430077267
2000.500501 0.11123852955619667
2004.004004 0.14697554564035428
2007.507508 0.19538968863121875
2011.011011 0.25498392196353653
2014.514515 0.32255093155989023
2018.018018 0.39357433539938097
2021.521522 0.46295932888514635
2025.025025 0.52591648367926891
2028.528529 0.57877497192983296
2032.032032 0.61952592869451628
2035.535536 0.64798157770988563
2039.039039 0.66554837714116943
2042.542543 0.67471315632734863
2046.046046 0.67839944629614202
2049.549550 0.67935584299611862
2053.053053 0.67969859581517589
2056.556557 0.68066890314923478
2060.060060 0.68260542145890313
2063.563564 0.68509023572426653
2067.067067 0.68720650303485631
2070.570571 0.68784360695976277
2074.074074 0.68599305858482185
2077.577578 0.68098956352714912
2081.081081 0.67266461684712375
2084.584585 0.66139525631703855
2088.088088 0.64804841468362628
2091.591592 0.63383947936395668
2095.095095 0.62013790767130839
2098.598599 0.60825895620566583
2102.102102 0.59927739628730592
2105.605606 0.59388885163265404
2109.109109 0.5923318955921123
2112.612613 0.59437379968607074
2116.116116 0.59935670224712378
2119.619620 0.60629763462520669
2123.123123 0.61403231606809838
2126.626627 0.6213868204913231
2130.130130 0.62735379754411003
2133.633634 0.63124425316417732
2137.137137 0.63278604872847388
2140.640641 0.63214847278995545
2144.144144 0.6298871811202359
2147.647648 0.62682104812264505
2151.151151 0.62386654463445457
2154.654655 0.62186221448355128
2158.158158 0.62141483197114133
2161.661662 0.62279192191975086
2165.165165 0.6258757429874926
2168.668669 0.63018407698137568
2172.172172 0.63495407117997249
2175.675676 0.63927662778003147
2179.179179 0.64226033871550781
2182.682683 0.64319700107506461
2186.186186 0.64169787674566059
2189.689690 0.63777355291456184
2193.193193 0.63184109849225689
2196.696697 0.62465787125876515
2200.200200 0.61719716554869331
2203.703704 0.61049193058742635
2207.207207 0.60547606494792328
2210.710711 0.60284864108046521
2214.214214 0.60297801154917974
2217.717718 0.60585415400386033
2221.221221 0.61109150368160436
2224.724725 0.6179809746915127
2228.228228 0.62558685770667644
2231.731732 0.63287952447206153
2235.235235 0.63888782968055025
2238.738739 0.64284781722107431
2242.242242 0.64432054060538668
2245.745746 0.64325479154193932
2249.249249 0.63998104676104939
2252.752753 0.63513837340436341
2256.256256 0.62955137791081062
2259.759760 0.62408443844816563
2263.263263 0.61950253980657677
2266.766767 0.61636248935946314
2270.270270 0.6149483401831406
2273.773774 0.61525457493033719
2277.277277 0.61701296658970783
2280.780781 0.61975476752636027
2284.284284 0.62289783166991686
2287.787788 0.62584674424008091
2291.291291 0.62809219682203754
2294.794795 0.62929438169268437
2298.298298 0.62933576174303607
2301.801802 0.62833263125858452
2305.305305 0.62660245189658126
2308.808809 0.62459331827053899
2312.312312 0.62279028646439494
2315.815816 0.62161807497701316
2319.319319 0.62135953372416519
2322.822823 0.62210473563555269
2326.326326 0.62373835774160824
2329.829830 0.62596533956180256
2333.333333 0.62836828631949149
2336.836837 0.63048549223694206
2340.340340 0.63189587606180642
2343.843844 0.63229641456358143
2347.347347 0.63155883419264136
2350.850851 0.62975549974246614
2354.354354 0.62714953934807893
2357.857858 0.62415063884550337
2361.361361 0.62124439584153268
2364.864865 0.61890814626775148
2368.368368 0.61752855050946476
2371.871872 0.61733548804065697
2375.375375 0.61836336199160913
2378.878879 0.62044576558395359
2382.382382 0.62324376530268799
2385.885886 0.62630273738161257
2389.389389 0.62912834059199996
2392.892893 0.6312691952771986
2396.396396 0.6323925202437698
2399.899900 0.63233973096063611
2403.403403 0.63115204595244057
2406.906907 0.62906126768126425
2410.410410 0.62644727259286959
2413.913914 0.62377002886467015
2417.417417 0.62148870691982583
2420.920921 0.6199825792437208
2424.424424 0.61948757407187094
2427.927928 0.62005897842433644
2431.431431 0.62156582480376832
2434.934935 0.62371701705248317
2438.438438 0.62611414931510212
2441.941942 0.62832186175586702
2445.445445 0.62994386951724746
2448.948949 0.63069182525472522
2452.452452 0.63043518834161838
2455.955956 0.62922333316887968
2459.459459 0.62727590794714361
2462.962963 0.62494315877083484
2466.466466 0.62264342220306146
2469.969970 0.6207890936117435
2473.473473 0.6197142602035971
2476.976977 0.61961657754566379
2480.480480 0.62052317250414746
2483.983984 0.62228606376975315
2487.487487 0.62460761651063057
2490.990991 0.62709164050815247
2494.494494 0.62931153952774088
2497.997998 0.630883987950141
2501.501502 0.63153545481681106
2505.005005 0.63114987459323224
2508.508509 0.62978891401826076
2512.012012 0.62768116343400193
2515.515516 0.62518226660697807
2519.019019 0.62271329877469217
2522.522523 0.62068848788096742
2526.026026 0.61944494101483727
2529.529530 0.61918625999782706
2533.033033 0.619949196844646
2536.536537 0.62159848834309361
2540.040040 0.62385043334437718
2543.543544 0.62632124957952962
2547.047047 0.62859228878581863
2550.550551 0.63028130467435761
2554.054054 0.63110767317974092
2557.557558 0.63094017851925932
2561.061061 0.62981881998152878
2564.564565 0.62794669667331293
2568.068068 0.62565351981822859
2571.571572 0.62333751014415262
2575.075075 0.62139623659841592
2578.578579 0.62015861212607648
2582.082082 0.61982962546486786
2585.585586 0.6204568167993062
2589.089089 0.62192365755362933
2592.592593 0.62397057575011727
2596.096096 0.626239986913534
2599.599600 0.62833785737714065
2603.103103 0.62990152688300105
2606.606607 0.63066223638193708
2610.110110 0.63049143796004348
2613.613614 0.62942261769073593
2617.117117 0.62764469763332642
2620.620621 0.62546828623991835
2624.124124 0.62327101524541051
2627.627628 0.62143187367161734
2631.131131 0.62026612579055185
2634.634635 0.61997191010475672
2638.138138 0.62059727548295773
2641.641642 0.62203281526428533
2645.145145 0.62403086229973537
2648.648649 0.62624798403077686
2652.152152 0.62830376707981206
2655.655656 0.62984609272149594
2659.159159 0.6306117699954048
2662.662663 0.63047191153733795
2666.166166 0.62945392940110712
2669.669670 0.6277361726808961
2673.173173 0.62561624304409269
2676.676677 0.623458843788113
2680.180180 0.62163261263047376
2683.683684 0.62044707364546747
2687.187187 0.62010044464318581
2690.690691 0.62064684542427317
2694.194194 0.62198803633033595
2697.697698 0.62389079799471814
2701.201201 0.62602699430016284
2704.704705 0.62802972115468703
2708.208208 0.6295562028433096
2711.711712 0.63034673287884213
2715.215215 0.63026936241398535
2718.718719 0.62934235048700404
2722.222222 0.62773031878601826
2725.725726 0.62571486468175486
2729.229229 0.62364506339957437
2732.732733 0.62187683464081434
2736.236236 0.6207118806345131
2739.739740 0.62034662501916538
2743.243243 0.62083955165545623
2746.746747 0.62210209073782641
2750.250250 0.6239143251733642
2753.753754 0.62596283418141685
2757.257257 0.62789442858636135
2760.760761 0.62937682600364342
2764.264264 0.63015593095501421
2767.767768 0.63009971047407365
2771.271271 0.62922082594010642
2774.774775 0.62767392938889965
2778.278278 0.6257281607351407
2781.781782 0.62371991869383414
2785.285285 0.62199445836975775
2788.788789 0.62084662463946039
2792.292292 0.62047085336152596
2795.795796 0.62092868856630079
2799.299299 0.62213896998010576
2802.802803 0.62389211272674916
2806.306306 0.62588605427451582
2809.809810 0.62777794935637754
2813.313313 0.62924300870330252
2816.816817 0.63003046359632497
2820.320320 0.63000687903514663
2823.823824 0.62917907711979304
2827.327327 0.62769252273303366
2830.830831 0.62580550145310454
2834.334334 0.62384384677552795
2837.837838 0.62214441051898417
2841.341341 0.62099725526592575
2844.844845 0.62059645903808369
2848.348348 0.62100766200057578
2851.851852 0.62215752335163788
2855.355355 0.62384664442057569
2858.858859 0.62578376300149674
2862.362362 0.62763559238948274
2865.865866 0.62908401551647164
2869.369369 0.62988090369715755
2872.872873 0.62989099091575362
2876.376376 0.62911514906908039
2879.879880 0.62768985231607699
2883.383383 0.62586295751061438
2886.886887 0.62395025762686751
2890.390390 0.62228066870561782
2893.893894 0.62113973052794591
2897.397397 0.62072110090328225
2900.900901 0.62109408020697265
2904.404404 0.62219236194291871
2907.907908 0.62382569900503759
2911.411411 0.62571250533460776
2914.914915 0.62752803136471291
2918.418418 0.62896010260060409
2921.921922 0.62976294164359503
2925.425425 0.62979968244588436
2928.928929 0.62906598887374054
2932.432432 0.6276905017415142
2935.935936 0.62591205536785721
2939.439439 0.62403785034360293
2942.942943 0.62239014558343864
2946.446446 0.6212508854711053
2949.949950 0.62081375828986962
2953.453453 0.62115164525099209
2956.956957 0.62220468813214946
2960.460460 0.62379079341323385
2963.963964 0.62563679329374966
2967.467467 0.62742514568105434
2970.970971 0.62884841447776663
2974.474474 0.6296622711842641
2977.977978 0.62972777560863635
2981.481481 0.62903539244572648
2984.984985 0.62770639416206642
2988.488488 0.62597141090331399
2991.991992 0.62413006418312533
2995.495495 0.62249898051517782
2998.998999 0.62135737030934546
3002.502503 0.62089951463081905
3006.006006 0.62120206267417155
3009.509510 0.62221140916288509
3013.013013 0.62375309483846697
3016.516517 0.62556163807478771
3020.020020 0.62732590295123059
3023.523524 0.62874247229285996
3027.027027 0.62956796168525686
3030.530531 0.62966115845978132
3034.034034 0.62900747113301725
3037.537538 0.62772126009628115
3041.041041 0.62602563553882828
3044.544545 0.62421342559568171
3048.048048 0.62259636739444346
3051.551552 0.62145150176754516
3055.055055 0.62097398419600891
3058.558559 0.62124417568875623
3062.062062 0.62221433276777183
3065.565566 0.62371696441372793
3069.069069 0.62549344208108948
3072.572573 0.62723817405023985
3076.076076 0.62865101696671399
3079.579580 0.62948903050670435
3083.083083 0.62960856237252028
3086.586587 0.6289901614747726
3090.090090 0.62774180444358674
3093.593594 0.62607985261280252
3097.097097 0.62429122528288095
3100.600601 0.62268362200422323
3104.104104 0.62153259555930074
3107.607608 0.62103458066287009
3111.111111 0.62127371891218686
3114.614615 0.6222078568590661
3118.118118 0.62367590904771752
3121.621622 0.62542534175324549
3125.125125 0.62715527960549089
3128.628629 0.62856809237581635
3132.132132 0.62942071545396494
3135.635636 0.62956677307629738
3139.139139 0.62898199817556333
3142.642643 0.62776834057600661
3146.146146 0.62613601468600877
3149.649650 0.62436676837002603
3153.153153 0.6227650062534289
3156.656657 0.62160541347068221
3160.160160 0.6210860990684377
3163.663664 0.62129509277986994
3167.167167 0.62219563858664262
3170.670671 0.62363260161491041
3174.174174 0.6253589067688462
3177.677678 0.62707768871450498
3181.181181 0.62849317662349335
3184.684685 0.62936169414143572
3188.188188 0.62953390572565981
3191.691692 0.62898078398376434
3195.195195 0.62779858882253026
3198.698699 0.62619194563804059
3202.202202 0.62443811142572347
3205.705706 0.62283888069789939
3209.209209 0.62166864262579413
3212.712713 0.62112754273146176
3216.216216 0.62130759147271652
3219.719720 0.62217723862738761
3223.223223 0.62358685642008682
3226.726727 0.62529420705838323
3230.230230 0.62700573997810671
3233.733734 0.62842689162982834
3237.237237 0.62931287570125094
3240.740741 0.62951113774918865
3244.244244 0.62898791422845879
3247.747748 0.62783407756315435
3251.251251 0.62624919147146552
3254.754755 0.62450668260762787
3258.258258 0.62290641592106288
3261.761762 0.62172307067492893
3265.265265 0.62115922393131051
3268.768769 0.62131100780302506
3272.272272 0.62215194413870423
3275.775776 0.62353752841620669
3279.279279 0.62522979148198943
3282.782783 0.6269378397651526
3286.286286 0.62836768097233264
3289.789790 0.62927291233407789
3293.293293 0.62949746968555687
3296.796797 0.6290028272939151
3300.300300 0.62787471182212384
3303.803804 0.62630809103091845
3307.307307 0.6245731686659699
3310.810811 0.62296852365504296
3314.314314 0.62176969500964996
3317.817818 0.62118209155651272
3321.321321 0.62130613221427156
3324.824825 0.62212031516919097
3328.328328 0.62348491999370048
3331.831832 0.62516572120143055
3335.335335 0.62687386005162848
3338.838839 0.62831530164833227
3342.342342 0.62924152618870177
3345.845846 0.62949265888001238
3349.349349 0.62902536284066224
3352.852853 0.62792043037274103
3356.356356 0.62636866790248569
3359.859860 0.62463763829626595
3363.363363 0.62302526336522912
3366.866867 0.62180851041294061
3370.370370 0.62119603267123336
3373.873874 0.62129272430097482
3377.377377 0.622081993475049
3380.880881 0.62342859419098895
3384.384384 0.62510154315231059
3387.887888 0.62681340671762242
3391.391391 0.62826949186888292
3394.894895 0.62921864510248271
3398.398398 0.62949685207359551
3401.901902 0.62905588075311714
3405.405405 0.62797176478300598
3408.908909 0.62643155406634921
3412.412412 0.62470073416448857
3415.915916 0.62307719496196312
3419.419419 0.62183991237073344
3422.922923 0.62120122199624506
3426.426426 0.62127071634879061
3429.929930 0.62203668548296842
3433.433433 0.62336808358036466
3436.936937 0.6250366946746494
3440.440440 0.62675591371563399
3443.943944 0.62822977154609771
3447.447447 0.62920394652531364
3450.950951 0.62950992603586808
3454.454454 0.62909446257077983
3457.957958 0.62802897064269725
3461.461461 0.6264971190201859
3464.964965 0.62476286205167442
3468.468468 0.62312468019323219
3471.971972 0.62186415044756693
3475.475475 0.62119775317999726
3478.978979 0.62124003431113084
3482.482482 0.62198417120445304
3485.985986 0.62330307291516807
3489.489489 0.62497083491551986
3492.992993 0.62670108964202842
3496.496496 0.62819596447733661
3500.000000 0.62919741281867525
