0 0 0 0.075145789829074286 0.48255116281028365 0.075113554959524917 0.48257737194050593 0.011167262106457491 0.071728273067786577
1 -1 0 -0.025814919844662221 0.066747488255356091 -0.025785391851188333 0.06671993102914138 -0.0037337626073736135 0.0096577041229554995
2 1 0 -0.024195817310416909 0.067358664925305248 -0.024168734462743646 0.067340868328983547 -0.0036893816328874211 0.010275140758415244
3 -2 0 0.023718473799844726 -0.059982488894556221 0.023698714616361569 -0.059960622424738805 0.0033382390776382567 -0.0084442785886963863
4 2 0 0.020788864006285684 -0.061061410206983205 0.02077373146984883 -0.061057419434228634 0.0032521565217777668 -0.0095552988425756276
5 -3 0 -0.019922567793985921 0.049835397630622488 -0.01991721386883066 0.049824594286729688 -0.0027269142941854789 0.0068214444179437762
6 3 0 -0.016241671237974171 0.051129662494020983 -0.016242566923966747 0.051141820617037786 -0.0026056311195167747 0.0082033628532911847
7 -4 0 0.014905057933419572 -0.037476738446472063 0.014915284241517042 -0.037479476364999501 0.0019829682958970424 -0.0049841980248674081
8 4 0 0.011177416890627779 -0.038685595774441396 0.01119463162881937 -0.038712447741810992 0.0018384326575405646 -0.006360471336394855
9 -5 0 -0.0093010229552078268 0.024273441622946118 -0.009324321385527707 0.024288757376658195 -0.0012023632858662 0.0031345037165688631
10 5 0 -0.0062432604549963015 0.025119935164276658 -0.0062730966109544803 0.025156300476249276 -0.0010530005717777841 0.0042305482620077495
11 -6 0 0.0038030544652832405 -0.011606305059989703 0.0038338613374360141 -0.011630047214924564 0.00047837930156421302 -0.0014547207344869132
12 6 0 0.0020074057048576461 -0.011903491335690089 0.0020429228039332815 -0.011941382297302605 0.00034843071349887505 -0.0020532583158558593
13 -7 0 0.00094583922527771453 0.00069346458796936284 0.00091482261619844484 0.00071929423385399161 0.00011242065937121164 8.602768368820194e-05
14 7 0 0.0011256360104169305 0.00038862374392103631 0.0010930651357304419 0.00041886025920781608 0.00019592133702171582 7.0731766307528877e-05
15 -8 0 -0.0044483486857278742 0.0075555836703322691 -0.0044244515757011754 0.0075346653161160303 -0.00052045760982190477 0.00088546397515207602
16 8 0 -0.002967012702762071 0.0083695564262779854 -0.0029456692337237792 0.0083553358894741889 -0.00053297549542236024 0.0015068817478202021
17 -9 0 0.0064219668982017693 -0.012636314895336075 0.0064108519437933451 -0.01262625364628356 0.0007281281749128446 -0.0014335922694445331
18 9 0 0.0035545897157378921 -0.013745217193923884 0.0035503639819086377 -0.013752548862048233 0.00065421336551882187 -0.0025315378922950325
19 -10 0 -0.006830202170793955 0.014484766078286344 -0.0068345613734110628 0.014488948641219811 -0.00074906822482690772 0.0015881687892944853
20 10 0 -0.0031228779810848813 0.015607260914596547 -0.0031377056173324371 0.015637281817843914 -0.00058854639459333816 0.0029381001734561656
21 -11 0 0.0058719828181668949 -0.013450546731608004 0.0058909205242339635 -0.013468857939549448 0.00062230063148140352 -0.0014236023475559978
22 11 0 0.0020394609387455907 -0.014308965147172335 0.0020706470411266669 -0.014357647954936281 0.00039408236267858028 -0.0027522073158467489
23 -12 0 -0.0039327910071250347 0.010214531129105062 -0.0039620312128644617 0.010243214947230381 -0.00040275205448272821 0.0010425528419993504
24 12 0 -0.00072177348729648083 0.010604802921528472 -0.00076242231198668314 0.01066324539906918 -0.00014455518553869125 0.0020836797059190526
25 -13 0 0.0015076450918416399 -0.0056661140270007114 0.0015405132704078696 -0.0056985038179191271 0.00015015349677808087 -0.00055755846339866405
26 13 0 -0.00044854928724660369 -0.005509287422428742 -0.00040803722555788361 -0.005565112101334058 -8.6713110894929573e-05 -0.0011063875951134495
27 -14 0 0.00088940803840521743 0.00076000702155342684 0.00086045386557355788 0.00078799335699622291 8.1548405282537293e-05 7.3592569293443613e-05
28 14 0 0.0011966929485942143 0.00012211300239394911 0.0011663606146940192 0.00016181071949781671 0.00024193595347136521 2.7885673233067616e-05
29 -15 0 -0.0028128839190738326 0.003625509383208114 -0.002794522802891742 0.0036095814259598231 -0.00025243673812354588 0.00032593776182868276
30 15 0 -0.0013976131330013155 0.0045508126657630189 -0.0013854406446406908 0.0045389777628611939 -0.00028989286554457989 0.00094600805923035914
31 -16 0 0.0039554010236100764 -0.0068083283390446099 0.0039519149358452346 -0.0068097552530484206 0.00034130603276889772 -0.00058803167691285642
32 16 0 0.0010837787199564342 -0.0077506279030996822 0.0010935504916629326 -0.0077737027357200139 0.00023058431802786117 -0.0016455187060582365
33 -17 0 -0.0041879886578210833 0.0083840329388965677 -0.0042002759476788701 0.0084042892604469788 -0.00034634704313576617 0.00069303847417615428
34 17 0 -0.00041822629250252318 0.0090682321626669119 -0.0004483468458185263 0.0091262804716661754 -9.263600685778425e-05 0.0019640494399695363
35 -18 0 0.0035657902743398452 -0.0082594991083025284 0.0035911536561218584 -0.0082955845580637271 0.00028219666966985415 -0.00065197703910757556
36 18 0 -0.00035918649671112606 -0.0084809666822259298 -0.00031554816647559147 -0.008565991674717487 -7.5801612473692749e-05 -0.0018733326283268768
37 -19 0 -0.0023003245860878248 0.0066365839008805522 -0.0023330836050525052 0.0066813856454582135 -0.00017436414503193081 0.00049936744446725165
38 19 0 0.00099892674553091697 0.0063198173034048647 0.00095229762498787965 0.0064163295200915056 0.00022043835095187942 0.0014239656830375496
39 -20 0 0.00070549570001092671 -0.0039515493950236938 0.00073828421951310254 -0.0039952016125616311 5.2433536322580887e-05 -0.0002833091045997453
40 20 0 -0.0013064500861917083 -0.0031762473839691114 -0.0012684161530112177 -0.0032636186817404907 -0.00029530451581901964 -0.00073143016798275274
41 -21 0 0.00087102726346196895 0.00078234430990092624 0.00084557639235901887 0.00081433577169265565 5.6481665138343034e-05 5.4796446992651208e-05
42 21 0 0.0011895803012503651 -0.0002315069779431903 0.0011696766435585694 -0.00017513241516832855 0.0002748136719168582 -4.9543168551613445e-05
43 -22 0 -0.0021173704098989493 0.0022597796373047948 -0.0021049418212384487 0.0022481878355450351 -0.00013278001979466502 0.00014183446447254907
44 22 0 -0.00067818343879705127 0.0032059710734573203 -0.00068113433826971748 0.0031988268288024222 -0.00016050018978284821 0.00075714765513810762
45 -23 0 0.0028148466411867011 -0.0046361983229273127 0.0028181493345324732 -0.0046497829395634243 0.00016710876017654193 -0.00027584052057864385
46 23 0 -8.7594818421289413e-05 -0.0052033690322450176 -6.3463730820313241e-05 -0.0052552220874422838 -1.9245629854198426e-05 -0.001254820160051182
47 -24 0 -0.0028730903344259492 0.0059675194445938445 -0.0028912545184374 0.0060056548231420398 -0.00016055991250525485 0.00033351935113572168
48 24 0 0.00089677982600029887 0.0059273032997213815 0.00085936376792967214 0.0060357368104138106 0.00021643867129844457 0.0014573011866649056
49 -25 0 0.0023376386208901583 -0.0060878463934397756 0.0023664418035950147 -0.0061441988260024852 0.00012264317488759664 -0.00031801289928161825
50 25 0 -0.0015244027359631181 -0.0053670117203241186 -0.001485709969002523 -0.0055159121722723609 -0.00037602112253531022 -0.0013453167032648594
51 -26 0 -0.0013702450078324354 0.0050594898473419097 -0.0014031127461651145 0.0051229984045752198 -6.7779633833811896e-05 0.00024598013402392637
52 26 0 0.0017913098135868609 0.0037755676230408881 0.0017638042346596861 0.0039365893762565276 0.00045055142309063635 0.00096611765906532061
53 -27 0 0.00020748362069689959 -0.0031476939138861582 0.00023702829678792954 -0.0032047064716903854 1.1283210621006855e-05 -0.00014216779155476369
54 27 0 -0.0016118638575431425 -0.0015956257729124585 -0.0016041677341042113 -0.0017328549149991518 -0.00041332366935238656 -0.00042007058286397603
55 -28 0 0.00089284124361257967 0.00076158934497954777 0.00087310720381955067 0.00079875063193933331 3.4212832954513927e-05 3.3187541347997949e-05
56 28 0 0.0010174169130249175 -0.00064922766817893053 0.0010306466596044415 -0.00057191249851810228 0.00026644605916893249 -0.00016355847905268972
57 -29 0 -0.0017060467216773712 0.0016269796018708804 -0.0017002278867390024 0.0016196894623815355 -6.1145135650691307e-05 5.8182223449262416e-05
58 29 0 -0.00014938375943986506 0.0024729345417855209 -0.00017545337449403507 0.0024830724938235352 -4.1558346332364342e-05 0.00065617627736505287
59 -30 0 0.0020846729786835739 -0.0035717604960710321 0.0020935875657581001 -0.0035985136198176124 6.7845470688815261e-05 -0.00011709413134947761
60 30 0 -0.00077668225710180231 -0.0035293919296836914 -0.00075377724181912198 -0.0036376241450028816 -0.00020733319730007819 -0.00095818990017331536
61 -31 0 -0.0019839230900141969 0.0047318028648269915 -0.0020049892376588193 0.0047895411264452081 -5.7829759462750336e-05 0.00013848424139836289
62 31 0 0.0015272049262252468 0.0036772762598634877 0.0015268133064195845 0.0038717260005096919 0.00041739210526728175 0.0010197785858417014
63 -32 0 0.0014642160836269619 -0.0049288179433523106 0.0014921472946050026 -0.0050073900440021192 3.7937385704902166e-05 -0.00012655769065783354
64 32 0 -0.00191265447014225 -0.0029945738759042709 -0.0019502775953939245 -0.0032399918179407045 -0.00053357802747249514 -0.00084950615882109037
65 -33 0 -0.00067151052884043623 0.0041727450098512113 -0.00069964406800899364 0.0042566369707583655 -1.5938534811983391e-05 9.2292628482050246e-05
66 33 0 0.0018392713719393142 0.0017417112647064457 0.0019184888177906268 0.0019847394287087752 0.00052403924620786173 0.00050895651231866088
67 -34 0 -0.00019937523334817594 -0.0026519673600814285 -0.00017744657676759443 -0.0027233475851035902 -1.7128117877132763e-06 -4.9735703866426458e-05
68 34 0 -0.0013361067861934668 -0.00028395948634259887 -0.0014422259137603539 -0.00046459559600897323 -0.00038995136592202156 -9.4847615493780856e-05
69 -35 0 0.00094988916359000351 0.0006910403467819471 0.00093878454259335329 0.00073352784715912344 1.1414695690579796e-05 1.2058923517283506e-05
70 35 0 0.00054876011226410787 -0.0010068089138898272 0.00064716934217794923 -0.00093916917397518734 0.00016661974337667769 -0.00028688465044017514
71 -36 0 -0.0014213203484882964 0.0013153920947299516 -0.0014228140541639287 0.0013130272820871948 -1.2920103529881365e-05 1.1678877137917672e-05
72 36 0 0.00030046389774910666 0.0018460090086824244 0.000258684870342069 0.0019154646216160451 8.5240240532805469e-05 0.00054844608261546011
73 -37 0 0.0015275269778348755 -0.0029796451013443747 0.001540224197562011 -0.0030206750946665428 8.791047012987754e-06 -1.8356282452744257e-05
74 37 0 -0.0009770405694009669 -0.0021016453853634214 -0.0010411889884111838 -0.002292824389687195 -0.00029648148086071775 -0.00064178002774480591
75 -38 0 -0.0012701701836567662 0.0039943794068622784 -0.0012899877735202854 0.0040728833905532818 -3.0743040834554611e-06 1.0870511633272215e-05
76 38 0 0.0013063159696945811 0.0018133987433694616 0.0015054759247752438 0.0020687721787302528 0.00041055078974210481 0.00056831425216383299
77 -39 0 0.00073380152586320256 -0.0041886376043851698 0.00075512262303833902 -0.0042902087186789404 -3.3609176138637352e-07 3.4150041074467541e-06
78 39 0 -0.0012310976197278986 -0.00115951585196951 -0.0015524840712704349 -0.001392426889202361 -0.00040231870925888527 -0.00037361754621289596
79 -40 0 -6.261857187386043e-05 0.0035563169568238497 -7.9818049265179962e-05 0.0036606728726392666 -8.7194997085164575e-07 -1.5352882780612233e-05
80 40 0 0.0008324565119353115 0.00038075944233457917 0.0012087595803893817 0.00050597176733824375 0.00028770774211908602 0.00012802418216221017
81 -41 0 -0.00057532416912192534 -0.0022522336551773709 -0.00056638248853101928 -0.0023372688891848637 6.6385031374791952e-06 1.7059200892492769e-05
82 41 0 -0.00029844864925276758 0.0003127189422372925 -0.00061707744145575439 0.00033715055833035887 -0.00011843258192711463 0.00010051439608445352
83 -42 0 0.0010280337370842181 0.00055718427799036213 0.001028921918038081 0.00060365723859508538 -1.4603008992374952e-05 -4.4926239648807246e-06
84 42 0 -0.0001573175362388931 -0.00081233571296219088 -1.3825154296383962e-05 -0.00095024894675665452 -3.9356735786552462e-05 -0.00027026515583680868
85 -43 0 -0.0011944834983443858 0.0011806440225217954 -0.0012038431400807465 0.0011847815390348276 2.0993210195630436e-05 -2.1130603899030679e-05
86 43 0 0.00039699999173932639 0.0011206468862463325 0.00048658143214781383 0.0012585592691592919 0.00013548720972891316 0.00037367412247320996
87 -44 0 0.001046673168200525 -0.0026160655403825728 0.0010606612451426445 -0.0026726643771096117 -2.2038360269139098e-05 5.3471820731435684e-05
88 44 0 -0.00042127589776247328 -0.0012886515259686632 -0.00068967830362550071 -0.0012929666332095534 -0.00015884442353414065 -0.00042347118358138498
89 -45 0 -0.00063405865743932049 0.003475068732487934 -0.00064749479034605529 0.003574832432353459 1.5450674692714589e-05 -8.2734127544401606e-05
90 45 0 0.00033984954719352647 0.0013270517314910996 0.0006328951873411945 0.0011377748101775093 0.00013548359748138093 0.00042700950668663346
91 -46 0 6.9657563564618665e-05 -0.0036073347789772679 7.7571607525019624e-05 -0.0037312396580407173 -1.4892197759753355e-06 9.8429251829546015e-05
92 46 0 -0.00026247891279396928 -0.0011775363278464018 -0.00042210216904145156 -0.00086520636720119944 -0.00010068733640630335 -0.00037293932692412062
93 -47 0 0.00049864752626570155 0.0030129090544511699 0.00049948524999546566 0.0031358073222156552 -1.6765953705019695e-05 -9.2518020162373437e-05
94 47 0 0.00020732076710593508 0.00078328546079838577 0.00018476191277981907 0.00050020229540774985 6.9045758689857236e-05 0.00024569503334656237
95 -48 0 -0.00092469560920136135 -0.0018380971525506691 -0.00093468930606588406 -0.0019338293901081992 3.407369232387394e-05 6.2072995615330411e-05
96 48 0 -0.00011459101351757386 -0.00018674125740747924 8.5320719390650555e-06 -4.2570223584336579e-05 -3.017020738362994e-05 -5.35007757087776e-05
97 -49 0 0.0010998180308592819 0.00034189828896126994 0.0011162319817647098 0.00038887904341054845 -4.4489300682784159e-05 -1.0705602510436034e-05
98 49 0 -6.2126390965016798e-05 -0.00045402921408503908 -0.00016773085551319254 -0.00047017676645310074 -2.9866680340484102e-05 -0.00016021276203890636
99 -50 0 -0.00097930611356766579 0.0011597502199021355 -0.00099685311062135433 0.0011736630328516575 4.3228721760182267e-05 -5.1706556696843621e-05
100 50 0 0.00029153326777955993 0.00094595214811441647 0.00033035513160366682 0.00092511100005824838 0.00010634557022090967 0.00033377233937941842
101 -51 0 0.00059327940198760016 -0.0023601792699482543 0.00060550713120906729 -0.002434621207237188 -2.8394049585745276e-05 0.00011103030455000959
102 51 0 -0.00048063691989340765 -0.0011594239874332772 -0.00048840132712447981 -0.0011759827565269267 -0.00017312469534779801 -0.00041745559420148105
103 -52 0 -3.9330995273995066e-05 0.0030248635009619109 -4.0479142801847085e-05 0.0031464559342643454 2.0114302853740345e-06 -0.00015220732918343346
104 52 0 0.00053796227069505232 0.0010745413692126082 0.00057510208406760517 0.0011335599078105673 0.00019835222302131661 0.00039502529294175573
105 -53 0 -0.0005413579318567889 -0.0030379974118542822 -0.00055450649045777744 -0.0031826263351834084 3.0010133337816729e-05 0.00016311512039893458
106 53 0 -0.00042869189927532145 -0.00076609182362644428 -0.00051912406975457986 -0.00082128959161708562 -0.00016466894565574531 -0.00028605795327591772
107 -54 0 0.00099878405210178812 0.0024233179265627093 0.0010255691933108988 0.002560839545812731 -5.9106061881331175e-05 -0.0001379818088516885
108 54 0 0.00019272424144822561 0.0003538154420572395 0.00030701575352311814 0.0003575574049944459 8.0583916908984595e-05 0.0001320163649701788
109 -55 0 -0.0012114511850263171 -0.001335210837078692 -0.0012469344808376513 -0.0014356859145830266 7.6237005481781135e-05 7.943267086961631e-05
110 55 0 7.628800893924107e-05 5.1450931614059914e-05 -3.0456883274213896e-06 0.00010914182320863822 2.2606706786874656e-05 2.3849492454006574e-05
111 -56 0 0.0011172205702258023 2.2455059627205105e-05 0.0011529243685184304 6.2645651658415713e-05 -7.4488499542472934e-05 1.4585667356702498e-06
112 56 0 -0.00027666190853679683 -0.00038235356736262226 -0.0002804542276570317 -0.00046507141466464605 -0.00010578237358883321 -0.00015219526484366129
113 -57 0 -0.00073006279606100462 0.0012272420783638084 -0.00075577966070731117 0.0012584930625906975 5.1378952459878601e-05 -8.7265992331401755e-05
114 57 0 0.00034602431566031099 0.0006188519858650077 0.00043842626847925636 0.00066435719160037226 0.00014066615187292565 0.00024228871470599269
115 -58 0 0.00013836814025131245 -0.0021497304713411526 0.00014468977671913203 -0.002248441161321741 -1.0176312960544917e-05 0.00015806519722926356
116 58 0 -0.00028656025799293745 -0.00076552359728997849 -0.00042248036708339925 -0.00072261934060051077 -0.00012241305608705507 -0.00029548898925395859
117 -59 0 0.00051514066915554324 0.0025603455033793819 0.00053414305227154999 0.0027074256031539667 -4.0265474008465123e-05 -0.00019617874334483656
118 59 0 0.0001548762516323742 0.00082111603298210857 0.00026017102143867631 0.00068310794677436905 6.9348380855478557e-05 0.0003135317740443124
119 -60 0 -0.0010673761547400204 -0.0023912689430391283 -0.0011119850741417754 -0.0025557897596429719 8.7269850588048964e-05 0.00019066538173299075
120 60 0 -2.2559493978440684e-05 -0.00076427042612358233 -3.5845728313416954e-05 -0.0005785699410222622 -1.0046455303189948e-05 -0.00029085294472519865
121 -61 0 0.0013747318158700537 0.0017025071772939322 0.0014385411535778223 0.0018476884649340781 -0.00011738172945847818 -0.00014040007258689748
122 61 0 -6.7467768634451615e-05 0.00056886170683600014 -0.00015623852444840062 0.00041248285160868861 -3.4182305524210476e-05 0.00021767155291738281
123 -62 0 -0.0013491732755123067 -0.00066457594430126439 -0.0014195779111494057 -0.00075537318388382954 0.00011998094150456061 5.4882774560065867e-05
124 62 0 0.00011897942026311084 -0.00023927682737374419 0.00026048769090616605 -0.00017155732714140194 5.9671851938331633e-05 -9.2503398659310497e-05
125 -63 0 0.00098161392201294461 -0.00048271306152718868 0.001041922317867078 -0.00047192716458743409 -9.0521626526561273e-05 4.7555893769384411e-05
126 63 0 -0.00016283564727663394 -0.00016396221192149023 -0.00028111496303348944 -0.00013933292018144999 -7.6549240824348827e-05 -6.5844079113182234e-05
127 -64 0 -0.00034649218968652479 0.0014856732923969281 -0.00037938499041297328 0.0015649394120540699 3.2461769544699787e-05 -0.00014383664230221949
128 64 0 0.00021793757239683918 0.00053493221307858657 0.00026206398204842141 0.00046778725618270775 9.4546911743710382e-05 0.00021833362282213634
129 -65 0 -0.0004140813539905945 -0.0021335984418944533 -0.00042236709199560129 -0.0022940996923995578 4.278479280502744e-05 0.00021158127307626588
130 65 0 -0.00026746963554695843 -0.00076791086585823105 -0.00024110710920314781 -0.00071967073423486361 -0.00011098023643935332 -0.00032077799981908544
131 -66 0 0.001123252422633078 0.0023041174125804638 0.0011788789496887 0.0025186844810588401 -0.00011806199261811392 -0.00023460851098855556
132 66 0 0.00027060085925559253 0.00080684784532720913 0.00021610369993562794 0.00080483874524711358 0.00011136309508681673 0.00034464759632847294
