0 0 0 -0.076472324864302582 -0.48693106969433919 0.076440266580667313 0.48695713524821005 2.3825689945741658e-06 -1.9371898129386003e-06
1 -1 0 0.023939853647720929 -0.068132223660209545 -0.023925475688606975 0.068155903718706459 -9.3944425007616971e-05 0.00026256103933008327
2 1 0 0.026402571498346381 -0.067197830109037515 -0.026359111643033135 0.067129633471544312 9.914168486923735e-05 -0.00025547925368283892
3 -2 0 -0.020171552340803086 0.061884207985153816 0.020177300139618246 -0.061955537398890648 0.0001561338149956034 -0.00047500908883112787
4 2 0 -0.024623443027281301 0.060229458366463061 0.024577432345045457 -0.060134503142677563 -0.00018747666575768694 0.00045987827408625439
5 -3 0 0.015402270754457324 -0.051903073825911021 -0.015426339145879263 0.052010172565626088 -0.00017758489493423731 0.00059649781646575425
6 3 0 0.020986494731567558 -0.04990574070095858 -0.020947509397728038 0.049803787771157126 0.00024109190664525982 -0.00057262828203144892
7 -4 0 -0.010298617140405236 0.039317302166009371 0.010335449681982741 -0.039440414197572854 0.00015723111573327827 -0.00060156797085596692
8 4 0 -0.015938604596810738 0.037430217243279669 0.015914906090538247 -0.037341350665540361 -0.00024525004675665787 0.00057347933918977393
9 -5 0 0.0055147514440066813 -0.025542532856446774 -0.0055563300701388972 0.025657619380659226 -0.00010402125177480565 0.00048756117953641716
10 5 0 0.01012030405796358 -0.024187573055097375 -0.010117046535546938 0.024128266971809524 0.00019576510866672455 -0.00046405528989112684
11 -6 0 -0.0015876761202868281 0.012087648302918802 0.001625306202410111 -0.012171019685278376 3.4217600503587415e-05 -0.00027563935201839332
12 6 0 -0.004264642257444537 0.011557542684531213 0.0042827220015634092 -0.011537627194000349 -0.0001004369366473503 0.00026707846398814399
13 -7 0 -0.0011415735645360432 -0.00034787687745448532 0.0011153805473177118 0.00038098149682279055 3.301780989463161e-05 7.0008060197900876e-06
14 7 0 -0.00091799223767484147 -0.00073914217898721538 0.00088218469724773865 0.00076022463565434881 -2.2224482379856934e-05 -2.1598023752590222e-05
15 -8 0 0.0025673138360969225 -0.0085833467748758722 -0.0025572736378843062 0.0086099266775356235 -8.0627567378960897e-05 0.00026508093651601004
16 8 0 0.0048490637674679414 -0.0073904433818991651 -0.0048029218325687231 0.0073348577658602365 0.00014675565755322724 -0.00022476327304712127
17 -9 0 -0.0028134701823158753 0.014054579239684891 0.0028206147759752415 -0.014138757416802962 9.7989002143253456e-05 -0.00048588499534601287
18 9 0 -0.0071665023334085897 0.012364363659279806 0.0071196562431545176 -0.012287156555617431 -0.00024618058309531572 0.00042500350466809884
19 -10 0 0.0021858626736550187 -0.015926930343981932 -0.0022074767376726195 0.01605491959711184 -8.347384366572107e-05 0.0006104187962942167
20 10 0 0.0077708986488249938 -0.014152705043261082 -0.007733170370741514 0.014070252936636912 0.00029794767258917013 -0.00054161654250396609
21 -11 0 -0.0010937862631543709 0.01456459237494586 0.0011241928923243572 -0.014713025411326078 4.4585911623272477e-05 -0.00061283309154843899
22 11 0 -0.0068265663484222659 0.01312740510589476 0.0068058668938074662 -0.01305614452610925 -0.00028904581585004592 0.00055349910889452777
23 -12 0 -4.2112409794524262e-05 -0.010748178327203381 1.0107052780841663e-05 0.010888244388115989 4.3584159325018698e-06 0.00049205769417554816
24 12 0 0.0047188850997675908 -0.0099745822122980065 -0.0047195120368683854 0.0099277459496930811 0.00021914661372405308 -0.00045965207665824974
25 -13 0 0.00087646749364914123 0.0055266125899730845 -0.0008498132219784965 -0.0056295012963487783 -4.6405064936823754e-05 -0.00027237017019531517
26 13 0 -0.001976967928004838 0.0055703802115251947 0.0019986771764547947 -0.0055555504480374581 -0.00010104041307490305 0.00027906104670314958
27 -14 0 -0.0012029271792793454 -3.358317520128857e-05 0.0011866735609293094 7.6238841893471398e-05 6.689341180237162e-05 -1.35416638029211e-06
28 14 0 -0.00082354040359736114 -0.00084062967009251551 0.00078548173502613705 0.00085855860903435121 -4.1780749076800144e-05 -4.6856662784820021e-05
29 -15 0 0.00098295163933415888 -0.0046996939619471075 -0.00097910197330573745 0.0047296158877517492 -5.7819022819017695e-05 0.00027283110532978544
30 15 0 0.0031598113374564489 -0.0033743987616329982 -0.0031135988643463731 0.003329528218921852 0.00017991734460153845 -0.00019246789728799324
31 -16 0 -0.00033544766490113161 0.0079035372702947956 0.00034261791945277767 -0.0080045273350080898 2.0416961710902631e-05 -0.00048613071220682296
32 16 0 -0.0046459659478737501 0.0064310583197890996 0.0046014808170147534 -0.0063700599889173828 -0.00028423311645897571 0.00039348526807222133
33 -17 0 -0.00050842090938358838 -0.0091744327166015816 0.00049443014138177187 0.0093305251388618241 3.4808412442825487e-05 0.00059753537696070891
34 17 0 0.0050880905005811113 -0.0079549397560305692 -0.0050547594884413497 0.0078911288312926396 0.00033208972184724922 -0.000518336203318896
35 -18 0 0.0012734319018846744 0.008509315105747756 -0.001258268080477255 -0.008692311504423773 -9.0720950077467625e-05 -0.00058492078455556445
36 18 0 -0.0045020449132250782 0.0078673602097413201 0.0044868069077848936 -0.0078136939155324155 -0.00031230164777433522 0.00054374573961665535
37 -19 0 -0.0017149372539740845 -0.0062667311661834214 0.0017038665523169715 0.0064410133417399217 0.00012825037923670093 0.00045256151224659598
38 19 0 0.0030930036038130404 -0.0063653503127439753 -0.0030988282270535943 0.0063318104686684038 0.00022772643544353944 -0.00046528299709593465
39 -20 0 0.0016823494326063738 0.0030656183303542249 -0.0016784523381442715 -0.0031947989377677784 -0.00013194847999889654 -0.00023022123912233501
40 20 0 -0.0012025890968406527 0.0038616624358184643 0.0012278707384983836 -0.0038534060436394447 -9.4899870614766058e-05 0.00029810638773904608
41 -21 0 -0.0011568692881227206 0.0003563025153529615 0.0011597951233689734 -0.00030205532601332134 9.4898512066490662e-05 -3.3365226512333362e-05
42 21 0 -0.00076498327454668422 -0.00089684518233320611 0.00072602713886139219 0.0009134641019128794 -5.9247840892568004e-05 -7.4077298883780155e-05
43 -22 0 0.00025511193139499713 -0.0032956664716609638 -0.00026084053526345468 0.0033330235874884486 -2.1557827081060033e-05 0.00028124631200157607
44 22 0 0.0024230967785191814 -0.0019611552105524102 -0.0023791168999779478 0.0019251719944645735 0.00020293366405699692 -0.0001642174528060257
45 -23 0 0.00080156412540947246 0.0052181567041818394 -0.00079972292542670478 -0.0053461230991512249 -7.2410985357329442e-05 -0.0004608798011163746
46 23 0 -0.0034741973600327667 0.0042134863335780122 0.0034347887961054275 -0.0041672503838856437 -0.00030616923469643044 0.00037143578927758419
47 -24 0 -0.0017440574263000441 -0.0058495587377153796 0.0017533129421290245 0.0060481758938539382 0.00016350115976132015 0.0005357853467416985
48 24 0 0.0037598436872596157 -0.0055081819972843081 -0.0037334363727538505 0.0054622362461479099 0.00034711231001684445 -0.00050798245368897867
49 -25 0 0.0023246054771884237 0.0052076806614340353 -0.0023498241901794273 -0.0054405271419680785 -0.00022622871179348004 -0.00049354199436670932
50 25 0 -0.0032812718521311513 0.0056882087504104154 0.0032733033952417594 -0.0056521876038565051 -0.00031676635896922989 0.0005474801116443198
51 -26 0 -0.0023807868932647315 -0.0035722252771660879 0.0024216664681141115 0.0037926141173450891 0.00024007490161203905 0.00034824547382185953
52 26 0 0.0021883138251912312 -0.0048039706163572182 -0.0022000856236006009 0.0047845981300648514 0.00022100830683523256 -0.00048182372900941293
53 -27 0 0.001878463988747659 0.0014025512880930836 -0.0019276597538564902 -0.0015625599828062203 -0.000195662932687876 -0.00013680539921400508
54 27 0 -0.00074056265534060909 0.0030903833271236493 0.00076902471307465866 -0.0030902220799775642 -7.9481852275302951e-05 0.00032286051135480779
55 -28 0 -0.00092273992994601874 0.00077629999757533781 0.00096581587113540998 -0.00071553129496013763 9.8387372956669513e-05 -9.0085697009863593e-05
56 28 0 -0.00075026469586193692 -0.00091427143938280437 0.0007117640940146108 0.0009314541544641502 -7.8443176754588797e-05 -0.00010034428248529981
57 -29 0 -0.00026621204343500146 -0.0024930819385800295 0.00024843544170692253 0.0025518420449658942 3.1732331965916338e-05 0.00028018296537997428
58 29 0 0.0019846693732313392 -0.0012976398842940208 -0.0019448483186396746 0.0012686873759772713 0.00021981615598483736 -0.00014350649072241822
59 -30 0 0.0014068970436434988 0.0034290201307289421 -0.001433569344263512 -0.0036025221935762205 -0.00016426468804090272 -0.00039217064403819979
60 30 0 -0.0027336105910754026 0.0031371428650974085 0.0027012848017910975 -0.0031041956263539328 -0.00031506645068161211 0.00036188406020847425
61 -31 0 -0.0022267577433171619 -0.0034750425821252757 0.0023104841071982583 0.003731861163640984 0.00026583266642743193 0.00040532294968802761
62 31 0 0.0028796124793936642 -0.0042858351259040927 -0.002861737764821631 0.0042569521310545696 0.00034430002492364948 -0.00051226550955990927
63 -32 0 0.0025314004213725086 0.0027369994145684394 -0.0026714190635579809 -0.0030236455689696142 -0.00030903755647895289 -0.00032391068184587035
64 32 0 -0.0024335409954117475 0.0045674151719933423 0.0024337033047383987 -0.004549060040966597 -0.00030157633146469528 0.00056463179575033467
65 -33 0 -0.00225499638018987 -0.0014905467139994845 0.0024320823671037974 0.0017422118027506184 0.00028045833729851532 0.0001751959511683564
66 33 0 0.0015249376267091354 -0.0039727127436258508 -0.001542621152037901 0.0039683361834693121 0.00019622701213572487 -0.00050745943895468069
67 -34 0 0.0014782618363920897 9.9004145824054522e-05 -0.0016536418714948422 -0.00025503815527460184 -0.00018535748721977506 -1.4865210234524081e-06
68 34 0 -0.00036910162139576974 0.0026540712597320592 0.00039988677317674866 -0.002663461177457038 -5.0903351960063216e-05 0.00035029036654661008
69 -35 0 -0.00040821269391827926 0.0010840998793288914 0.00052847440415721054 -0.0010629704875701059 4.7398295169955192e-05 -0.00015168658551130621
70 35 0 -0.00078140506780239552 -0.00089106596612373214 0.0007447724447330981 0.00091058806867488538 -0.00010325787627650277 -0.00012230039748159884
71 -36 0 -0.00067644183884585591 -0.0018028278160609006 0.00066748594722890837 0.0019199155598058348 9.7085567585891776e-05 0.0002480555835155994
72 36 0 0.0016903536035125621 -0.0009655192024547052 -0.0016562750453128832 0.00094187388756351072 0.00023333100088590781 -0.000132966728792754
73 -37 0 0.0015010773412564083 0.0019547055645217628 -0.0016444753996652658 -0.0021706127308692611 -0.0002091794387336103 -0.00027017869927811657
74 37 0 -0.0021854533036391359 0.0025608576027352278 0.002161561206902488 -0.0025398851980314562 -0.00031172282722489314 0.00036579054992780707
75 -38 0 -0.0018721434780161223 -0.0016005893122962738 0.0021734663374196632 0.0018392690476057363 0.00025923786796179141 0.00022307453365319086
76 38 0 0.002190509690205727 -0.0036020081399296736 -0.0021819565347533337 0.0035895510826972486 0.00032216905032025488 -0.00052988453790355644
77 -39 0 0.0017329656251162118 0.00092661203118618498 -0.0021465093005486858 -0.0010971814145863291 -0.00023682260945291286 -0.00013047360116902868
78 39 0 -0.0017361781598282816 0.0039106468280894419 0.0017445147236650616 -0.0039101166837652926 -0.00026328109535520775 0.00059159110214022361
79 -40 0 -0.0011790371524544624 -0.00017019725009865776 0.0016065336462465711 0.00020258741013831467 0.00015483143675092608 2.4582647799850562e-05
80 40 0 0.00094796456190200586 -0.003453198253840955 -0.00097085300909846605 0.003464713917180443 0.00014883909650174312 -0.00053684025896246206
81 -41 0 0.00042285750238797991 -0.0004649975000545539 -0.00073686357298317451 0.00058090656781463533 -4.5018321156750643e-05 6.6985797430406507e-05
82 41 0 -1.4877671721815871e-05 0.0023432055575492508 4.6694169163902704e-05 -0.0023635531595416585 -4.7342633465245763e-06 0.00037442356617681358
83 -42 0 0.00028548455755880508 0.00087241889229575749 -0.00019053230300416707 -0.0010649907347980237 -5.4973088986629592e-05 -0.00013116995095894778
84 42 0 -0.00085394159200698715 -0.00081594970820021543 0.00082076180476278271 0.00083937787957036141 -0.00013679351002313496 -0.00013480971778515418
85 -43 0 -0.00075442398457540856 -0.0010548525528685591 0.00089939733121215831 0.0011916926630850106 0.00011819194361648604 0.00017028775729507306
86 43 0 0.0014749968588885405 -0.00081950666850778939 -0.0014481860183238283 0.0007998390872344188 0.0002443634448812906 -0.0001354129118127089
87 -44 0 0.00091834703650069767 0.001078277890545262 -0.0012059843168575487 -0.0010391925381391168 -0.00013918282534691715 -0.00019222208018155492
88 44 0 -0.0017287832831098101 0.0022414726105281992 0.0017144484808424031 -0.002231735545586882 -0.0002945035617460389 0.00038250065553968907
89 -45 0 -0.00083589857519678339 -0.00099824528989679757 0.0010923696334918754 0.00076424951168210852 0.00013056176830141119 0.00019725529684266749
90 45 0 0.0015827350038411043 -0.0031781534810882443 -0.0015839579838650604 0.003182190858010572 0.0002769480379401192 -0.00055623325064893211
91 -46 0 0.00062025632695188388 0.00081636591245574344 -0.00070746761390602219 -0.00049715335616738895 -0.00010735482891168258 -0.00017453670332564364
92 46 0 -0.0010943259562213423 0.0034595102297399569 0.0011104762848292739 -0.0034776967233245424 -0.00019695815907902375 0.00062019760000542757
93 -47 0 -0.0003556692383693185 -0.00050330819327713144 0.00026774816978262914 0.00025603276033123049 7.362226766568479e-05 0.00011360233138551389
94 47 0 0.00039428280326675322 -0.0030485093085324535 -0.00042120203923594031 0.0030774165063051028 7.4099765947270775e-05 -0.000559562221121854
95 -48 0 6.4803679573400587e-05 6.4563377497552923e-05 8.9121392697753536e-05 3.3005355163853846e-05 -2.4272312903766192e-05 -1.9900752753730069e-05
96 48 0 0.00034579820881146229 0.0020458430667211975 -0.00031478337847988557 -0.0020788345683357395 6.2287631974538383e-05 0.00038465738326499049
97 -49 0 0.00025601268540506161 0.00041501529215577936 -0.0003671689111194605 -0.00041030378605907291 -4.1757991131594203e-05 -8.1899602579265534e-05
98 49 0 -0.00095381370865565019 -0.00066740037171149661 0.00092628292905841717 0.00069606378191401923 -0.00017992691188535679 -0.0001294740922254984
99 -50 0 -0.00057689409396469832 -0.00079445391574422923 0.00062608218842256534 0.00078717913663217752 0.00011199924659408095 0.00016000658067297344
100 50 0 0.0012962750964026261 -0.00080085856360852345 -0.0012788843688296193 0.00078473385957834006 0.00025118569325633761 -0.00015478471821710242
101 -51 0 0.00081376523478984375 0.00095390741627398028 -0.00085561723341605941 -0.00099749685121862451 -0.00016355373577987476 -0.00019214128680234219
102 51 0 -0.0013074262344381833 0.0020614800059886793 0.0013042875336338057 -0.0020638129514927955 -0.00025963818064344402 0.00040992748485627322
103 -52 0 -0.00087004476597343967 -0.00086240454276075452 0.00095754089723878023 0.00093435731848622234 0.00017526947565823481 0.00017486941402783461
104 52 0 0.0010019948430613707 -0.0028657078915334598 -0.001013655641821747 0.0028884102950803418 0.00020403932855775299 -0.00058275742883914436
105 -53 0 0.00070215596550249251 0.00058545970502274513 -0.00083463587659672698 -0.00062744016040418727 -0.00013966585732183462 -0.0001217394032204054
106 53 0 -0.00046901898248160597 0.0030631152183908197 0.0004923002368975878 -0.003103185150998211 -9.8718437353748566e-05 0.00063634878672900346
107 -54 0 -0.00035451805628443307 -0.00023756773289033669 0.0004806512078541149 0.00021113673604867791 6.745205310538423e-05 5.3774500970839008e-05
108 54 0 -0.00015146091582460055 -0.0026306351976679953 0.0001227056450446173 0.002680342594812883 -2.9773975957088837e-05 -0.00055820101642670974
109 -55 0 -5.7589544072023681e-05 -7.941496795247308e-05 8.9328783569134957e-07 0.00016317008180765499 1.7174490796518801e-05 1.1154712179547007e-05
110 55 0 0.00070314119567972189 0.0016751541478818017 -0.00067650083468354398 -0.001723378507271297 0.00014903970795051023 0.00036342899583929119
111 -56 0 0.00040155629949811453 0.00031457308491850806 -0.00044638767474554798 -0.00040181449824535791 -8.7427179272238806e-05 -6.4451764541558436e-05
112 56 0 -0.0010513346685307662 -0.00040926793773496438 0.0010338968212268861 0.00044379474037400159 -0.00022875243381207354 -9.2143349405648798e-05
113 -57 0 -0.00058497510803969693 -0.00046844723305010453 0.00070962466752067638 0.0004953819525078259 0.00012528434053130352 0.00010598021156146318
114 57 0 0.0011150333048425547 -0.00089462776219966574 -0.0011114882457194453 0.00088427759665990935 0.00024823021287767951 -0.00019860088046010037
115 -58 0 0.00058798587012155756 0.00056424353840098804 -0.00072482511026998825 -0.00049638436977461956 -0.00012757358619396779 -0.00013788894497734268
116 58 0 -0.00088561160334119169 0.001962207906860503 0.00089688686040167314 -0.0019820029986280336 -0.00020179264102371735 0.00044671360147117289
117 -59 0 -0.00045686997405101649 -0.00061264362168741656 0.00052762971354761178 0.00046883182357179161 0.00010387154968936909 0.0001578470423862861
118 59 0 0.00042781026073223846 -0.0025748131740303127 -0.00045061985068692415 0.0026241307643783038 0.00010051528514018521 -0.00059836168070844388
119 -60 0 0.00026627497792853361 0.00059493303689454348 -0.00022699430059250494 -0.00044006825735733466 -6.7968206617526443e-05 -0.00015708414721114937
120 60 0 0.00013714004645451214 0.0026145768408912837 -0.00010964741878845911 -0.0026853776069442579 3.0166208491778169e-05 0.00061977459424351368
121 -61 0 -7.4796771485799459e-05 -0.00047691072222687112 -5.6717324611402441e-05 0.00038342861086222496 2.8814031781716092e-05 0.00012563778169387478
122 61 0 -0.0006621176478406231 -0.0020875391671998263 0.00063869006780751939 0.002165153836669638 -0.00015654081552464298 -0.00050492212501239181
123 -62 0 -9.7776909023323134e-05 0.00024444917704267641 0.00025339673874325182 -0.00024486973706714922 1.2547183174762344e-05 -6.1706632029990283e-05
124 62 0 0.0010109710059169211 0.0011199305162277568 -0.00099991332495812796 -0.0011855086672878682 0.00024499615197676818 0.00027725019577108922
125 -63 0 0.00025853533636391009 6.6429975699397928e-05 -0.00036631284595844645 -1.0974389902687695e-06 -5.801572975402646e-05 -2.2178566640529366e-05
126 63 0 -0.0010926165704264654 7.1384857168901823e-05 0.0010993412041334853 -3.706981189185133e-05 -0.00027065109827470869 1.5068998787097167e-05
127 -64 0 -0.00040811865609443547 -0.00037157314566729977 0.00044000921749811543 0.0003077225313117997 0.00010419690442425115 0.00010213708486472494
128 64 0 0.00088394634229818885 -0.0012276688554159277 -0.00090907530051304389 0.001239706714873586 0.00022406439662945354 -0.00030947129701228751
129 -65 0 0.00051696818516469383 0.00057675342200716635 -0.00049888625223550303 -0.00056637561530948071 -0.0001388703906716959 -0.00015416238269902582
130 65 0 -0.000435777386462066 0.0021054069882656232 0.00047439864396961039 -0.0021704354671069803 -0.00011422715447975287 0.00054272009491720485
131 -66 0 -0.00053451765836705226 -0.00062672291064286821 0.00051223432196115281 0.00067216397441710878 0.00014625960869270064 0.00016587183150752882
132 66 0 -0.00013980358636973136 -0.0025290211684103202 9.7344660234027479e-05 0.0026421218890526673 -3.3088203442368142e-05 -0.00066496697448539289
