0 0 0 0.1064566505462969 0.68218617136053616 0 0 0.011189044844613891 0.071700655849668851
1 -1 0 -0.037267397583704058 0.094366796061862282 0 0 -0.0037709153606767794 0.0095485390416188334
2 1 0 -0.033777509416579039 0.095697485943711955 0 0 -0.0036826908289669408 0.010433695672870424
3 -2 0 0.034717414861284539 -0.084513626913193307 0 0 0.003377001518544654 -0.0082207343940760881
4 2 0 0.028408318420831788 -0.086862282761229676 0 0 0.0032089054153052474 -0.0098116630984356728
5 -3 0 -0.029527754948585026 0.06993489162145787 0 0 -0.0027567489307708279 0.0065292108403340147
6 3 0 -0.021613141018932039 0.0727514550634763 0 0 -0.0025263677903234836 0.0085039436244151567
7 -4 0 0.022346146812837028 -0.052344846206559381 0 0 0.0019989898560732224 -0.0046825440404121539
8 4 0 0.014351256139063559 -0.054974424607022308 0 0 0.0017340556002630851 -0.0066425341403786083
9 -5 0 -0.014094275662741457 0.033709160057555781 0 0 -0.0012058237441732512 0.0028839584641436669
10 5 0 -0.0075640698728864555 0.03554948312959761 0 0 -0.00094380124306910995 0.0044356605547028402
11 -6 0 0.0058204280317621995 -0.015978534582929988 0 0 0.0004752757004455047 -0.0013047509864485922
12 6 0 0.0020224471066324344 -0.016624097506089151 0 0 0.00026033896807408003 -0.0021399325479045527
13 -7 0 0.0014666462507159251 0.00083891787038201007 0 0 0.00011405010493127945 6.5236365687424214e-05
14 7 0 0.0017881819517803848 0.00017669386746929424 0 0 0.00023725802832907689 2.3443944600752031e-05
15 -8 0 -0.0069535066780712978 0.010486955374171786 0 0 -0.00051366987726926647 0.00077469301884286793
16 8 0 -0.0037248438399193231 0.01225363819823227 0 0 -0.00050897639466585367 0.0016743822988861542
17 -9 0 0.010140796202137075 -0.017361544540499353 0 0 0.00070970301232971072 -0.0012150466505275186
18 9 0 0.0039776710036732253 -0.019766871640386388 0 0 0.00055931049250925922 -0.0027794703740812647
19 -10 0 -0.010905670964376625 0.019765585571715667 0 0 -0.00072087545046002513 0.0013065244173567597
20 10 0 -0.0029988681773419497 0.022199697590691434 0 0 -0.00043360021666367064 0.0032098088732008239
21 -11 0 0.009499110574724464 -0.01824361121700669 0 0 0.00059103447175318864 -0.0011351171284609309
22 11 0 0.0013867978416132346 -0.020106411121605751 0 0 0.00020603666405222506 -0.0029872110766621428
23 -12 0 -0.0064811419845902437 0.013775884164275477 0 0 -0.00037812140561936929 0.00080370970057906828
24 12 0 0.00024946789256413698 0.014627972855159457 0 0 3.8058604432571641e-05 0.0022316307995498036
25 -13 0 0.0026078537925332485 -0.007600434951542479 0 0 0.00014203992718537237 -0.00041396692950549648
26 13 0 -0.0014165730601070218 -0.0072732388697389081 0 0 -0.00022177203419793251 -0.0011386641640831481
27 -14 0 0.0013079837857679058 0.0010144590081800451 0 0 6.6174941130706211e-05 5.1324615699587307e-05
28 14 0 0.0018285197133681569 -0.00034866174408874597 0 0 0.00029358497613902297 -5.5980719852526372e-05
29 -15 0 -0.0045371766657489555 0.0048147870246766956 0 0 -0.00021198702814785486 0.00022495760419273463
30 15 0 -0.0014459590397004447 0.006797718506576198 0 0 -0.00023796130598903171 0.0011186997205023146
31 -16 0 0.0065507627334199132 -0.0090030349148595094 0 0 0.00028072292690736555 -0.00038581130399591276
32 16 0 0.0004573936260158532 -0.011027513321179322 0 0 7.7111389644157204e-05 -0.0018591139625678127
33 -17 0 -0.0070939751483719673 0.01104665886116043 0 0 -0.00027657018412284969 0.00043067200142004973
34 17 0 0.00079055429200978935 0.01252703449929774 0 0 0.00013646188250216685 0.0021623596598253502
35 -18 0 0.0062069980882755726 -0.010855125913675162 0 0 0.0002179992907555705 -0.00038124866748606245
36 18 0 -0.0018955240545117612 -0.01135799508762279 0 0 -0.00033484504466517283 -0.0020063941490847852
37 -19 0 -0.0041920647945471795 0.0087187406412323285 0 0 -0.00013103559624210177 0.00027253046753718659
38 19 0 0.0025092633330716083 0.008085714661846306 0 0 0.00045340806947123116 0.0014610376785904036
39 -20 0 0.0015361063885666437 -0.0052217097562909081 0 0 4.2082988002108269e-05 -0.000143053339703592
40 20 0 -0.002428638781251752 -0.0036216958334877223 0 0 -0.0004486803653379511 -0.00066909242422402097
41 -21 0 0.0011943262309256015 0.0011179682156153628 0 0 2.8108442187342192e-05 2.6311357937400991e-05
42 21 0 0.0016464422170290062 -0.00098764095037897183 0 0 0.00031085874710107378 -0.00018647288392211587
43 -22 0 -0.0034650464616588768 0.0028084339647719966 0 0 -6.8175231033465569e-05 5.5256296418865074e-05
44 22 0 -0.00035050680133238109 0.0047822426366151355 0 0 -6.7604393823570433e-05 0.00092238043124024175
45 -23 0 0.0048722079299191199 -0.0058757366528450674 0 0 7.705959773169065e-05 -9.2931563955873207e-05
46 23 0 -0.0011277725949674449 -0.0070753993132142727 0 0 -0.00022212063337148305 -0.001393536413121191
47 -24 0 -0.0052091015791785843 0.0076096035005849983 0 0 -6.228986128943799e-05 9.0994798107547326e-05
48 24 0 0.0024020593577550307 0.0075705221496909616 0 0 0.00048291886039122852 0.0015220056562266508
49 -25 0 0.0044913179182155434 -0.0078063749768245306 0 0 3.6380382798637102e-05 -6.3232867300432502e-05
50 25 0 -0.0031341596532747065 -0.0063874852318928071 0 0 -0.00064294752349987241 -0.001310340973519491
51 -26 0 -0.0029381300203978012 0.0065472012405906567 0 0 -1.2465860351823281e-05 2.7778381417387715e-05
52 26 0 0.0031250688665690513 0.0039978963671253379 0 0 0.00065392096199343153 0.00083656020073914132
53 -27 0 0.00091625062170729303 -0.0041639163591361116 0 0 3.5331187784607618e-07 -1.6056317705947007e-06
54 27 0 -0.0023700837966194651 -0.0010881026418602911 0 0 -0.00050570110639120379 -0.00023216677428907316
55 -28 0 0.0011411408466975455 0.0011650981863625168 0 0 -3.9615362375237681e-06 -4.0447055233416501e-06
56 28 0 0.0010626763809120656 -0.0016161056023954185 0 0 0.00023112915225720018 -0.00035149846608915425
57 -29 0 -0.0028232087116225337 0.0018633071867919923 0 0 2.0690947719886875e-05 -1.3655948081091521e-05
58 29 0 0.00045546645626518619 0.0035215013816896432 0 0 0.00010094804851429256 0.00078049368385314896
59 -30 0 0.003820597559043759 -0.0043649839778117649 0 0 -4.2739199839555953e-05 4.882899065947401e-05
60 30 0 -0.0017868898918497206 -0.0042961260872701936 0 0 -0.0004034563752553117 -0.0009700091016887287
61 -31 0 -0.0039801184910670381 0.0059095798375890475 0 0 5.9879559846268513e-05 -8.8907664519391548e-05
62 31 0 0.0025900265693376465 0.0039252168470682337 0 0 0.00059557235432646839 0.00090259716503533142
63 -32 0 0.0033256445965585894 -0.0062625640965163929 0 0 -6.2866271941655329e-05 0.00011838428494465568
64 32 0 -0.0026797343257754613 -0.0026822978414755088 0 0 -0.00062738252464641681 -0.00062798269793090862
65 -33 0 -0.0020428709453103691 0.0054177770636768844 0 0 4.6502170021330737e-05 -0.00012332565144710698
66 33 0 0.0020861586522417349 0.0010243103213626694 0 0 0.00049714329218542767 0.00024409888712660749
67 -34 0 0.00043275192673215563 -0.0035884637482529033 0 0 -1.1521511443973519e-05 9.5538629842702928e-05
68 34 0 -0.0010487865572147011 0.0005597688238081842 0 0 -0.00025433274926524736 0.00013574501211209247
69 -35 0 0.0011556368476342545 0.0011597634695744545 0 0 -3.5230390415458033e-05 -3.535619334597886e-05
70 35 0 -6.2168461388129558e-05 -0.0017010096699421955 0 0 -1.5337603750416106e-05 -0.00041965671516813497
71 -36 0 -0.0023984618864906384 0.00138783194377027 0 0 8.2384587316947953e-05 -4.767053526962006e-05
72 36 0 0.00088162095680779972 0.0022498446043987472 0 0 0.000221226209528891 0.00056455621887930012
73 -37 0 0.00306172544005527 -0.0035697193465242449 0 0 -0.00011699983722085521 0.00013641216060834469
74 37 0 -0.0011971172785640435 -0.0022777405015623957 0 0 -0.00030546207332690146 -0.00058119897571145423
75 -38 0 -0.0030444433231515502 0.0049865002004310993 0 0 0.00012811070002015029 -0.00020983278830316644
76 38 0 0.0010350585747128035 0.0019727853062190452 0 0 0.00026850570225236427 0.00051176244222358774
77 -39 0 0.0023925526935812918 -0.0053953669673976632 0 0 -0.00010993429435707572 0.00024790921510301308
78 39 0 -0.00061773110732543787 -0.0014878856926040824 0 0 -0.0001628776082223963 -0.00039231189759722322
79 -40 0 -0.0012819112993249638 0.0047509833229483099 0 0 6.3863487396586979e-05 -0.0002366890468367648
80 40 0 0.00019747350727156558 0.00085797100830680036 0 0 5.2911800235832875e-05 0.00022988800486151221
81 -41 0 -2.4890588867079089e-05 -0.0032089246320763671 0 0 1.3364159836360039e-06 0.00017229235481295346
82 41 0 0.00010947643349480873 -6.425832122256189e-05 0 0 2.9802834855836244e-05 -1.7493081153398194e-05
83 -42 0 0.0012379653250050914 0.0010916157834701598 0 0 -7.1265561269543852e-05 -6.284070315085269e-05
84 42 0 -0.00034376967697315495 -0.00082521410939742602 0 0 -9.5063117310393571e-05 -0.00022819763039764977
85 -43 0 -0.0021028253705510681 0.0011764200789964904 0 0 0.00012920671889851565 -7.2284356362713808e-05
86 43 0 0.00057870780275648143 0.0016033468317516552 0 0 0.00016252808848992725 0.00045029442234880768
87 -44 0 0.0024530668650939958 -0.0031515513261602258 0 0 -0.00016024600152558476 0.00020587433053948935
88 44 0 -0.00079998193711047338 -0.002022837287006998 0 0 -0.00022813586071276023 -0.00057686518175657005
89 -45 0 -0.002242234644322457 0.0044564627164756171 0 0 0.00015518083876860217 -0.00030842339539921781
90 45 0 0.00090349927081052287 0.0019460591781525363 0 0 0.00026158189030644818 0.00056342473637270866
91 -46 0 0.0015487418213340051 -0.0048517910305659303 0 0 -0.00011320465588094397 0.00035463969943574946
92 46 0 -0.00078629681452429905 -0.0014195835816662756 0 0 -0.00023107741466225307 -0.00041718813797672719
93 -47 0 -0.0005535932378872274 0.004280375840588024 0 0 4.2618026380665743e-05 -0.00032952203532967599
94 47 0 0.00043652447169680616 0.00063772191054689 0 0 0.00013019600126185866 0.00019020432542427216
95 -48 0 -0.00050351293853377317 -0.0028757566174313939 0 0 4.0722928681536803e-05 0.00023258435419383185
96 48 0 4.2231311232782672e-05 0.00015893155812682399 0 0 1.2781177583275293e-05 4.8100151492069354e-05
97 -49 0 0.0013795892981548067 0.0009334176130000024 0 0 -0.00011695403435202164 -7.9130039441154372e-05
98 49 0 -0.00047806833533591908 -0.00078312865494470309 0 0 -0.00014679283933854075 -0.00024046285923942079
99 -50 0 -0.0018828500556267913 0.00114949712933157 0 0 0.00016696225067977164 -0.00010193197662744598
100 50 0 0.00071469729429987888 0.0011524123129665427 0 0 0.00022261223157007354 0.00035895067565579767
101 -51 0 0.0019142840442913712 -0.0029540976555822566 0 0 -0.00017722450267044438 0.00027349049343630423
102 51 0 -0.00068484274489336602 -0.0012798151976601937 0 0 -0.00021635410331760529 -0.00040431656985010319
103 -52 0 -0.0014873319363495031 0.004123478928953388 0 0 0.00014351119465599602 -0.00039787042338736595
104 52 0 0.00043568674042009006 0.0012224182289595667 0 0 0.00013958325774165648 0.00039163257196315289
105 -53 0 0.00072166081249713874 -0.0044336244558452285 0 0 -7.2456458720146936e-05 0.00044514642031620274
106 53 0 -9.4672414956136419e-05 -0.0010255003815740746 0 0 -3.0754333730001652e-05 -0.00033313379604592926
107 -54 0 0.00018714817813863892 0.0038373067667884066 0 0 -1.9523354861597487e-05 -0.00040030900896786151
108 54 0 -0.00020377556976471483 0.00069947557536339134 0 0 -6.71119441230567e-05 0.00023036699533429252
109 -55 0 -0.0010147932203335847 -0.0024721450267689085 0 0 0.00010984425488966765 0.00026759237547464458
110 55 0 0.00038626508149291349 -0.00024383253898734494 0 0 0.00012895573769513698 -8.1404212924610894e-05
111 -56 0 0.001561359844595916 0.00063116271191170233 0 0 -0.00017513871104100031 -7.079791644697131e-05
112 56 0 -0.00046052417684535544 -0.0003035281213504475 0 0 -0.00015583303126941154 -0.00010270841272560012
113 -57 0 -0.0016980912535686085 0.0012982055866750646 0 0 0.00019715415568718347 -0.00015072607306081148
114 57 0 0.00047776472047329912 0.00083748297843564247 0 0 0.00016383963785900936 0.00028719765612674326
115 -58 0 0.0013970587276187101 -0.0029142258800960849 0 0 -0.00016770500049937258 0.00034982799435342288
116 58 0 -0.00047185163491342025 -0.0012117232036475663 0 0 -0.00016396671541283128 -0.00042106937645359816
117 -59 0 -0.00073691702760425083 0.0038836566834439643 0 0 9.1366720486713238e-05 -0.00048151550496284613
118 59 0 0.00042797634569361295 0.0013091886754185858 0 0 0.00015068303079851319 0.00046094257190650977
119 -60 0 -0.00011654394549806282 -0.004010128838626446 0 0 1.4909978988721206e-05 0.00051303340100991449
120 60 0 -0.0003056138591718774 -0.0011063139930209626 0 0 -0.00010900902334373225 -0.0003946097477958132
121 -61 0 0.00095048356199211779 0.0032739155237556682 0 0 -0.00012535889723256087 -0.0004317954103597386
122 61 0 9.1161264152504724e-05 0.00068355918438418341 0 0 3.2937941357956368e-05 0.00024698025569580811
123 -62 0 -0.0015563206795294216 -0.0018347928957652766 0 0 0.00021142756600780327 0.00024925826738828467
124 62 0 0.00016872693998434474 -0.00017773087349098746 0 0 6.1747660398447912e-05 -6.5042758552127271e-05
125 -63 0 0.0017801640659922515 -2.5997491934136997e-06 0 0 -0.00024889985204201986 3.6349300716074958e-07
126 63 0 -0.00038231539283803217 -0.00028608045499389653 0 0 -0.00014169757076099097 -0.00010603001154077937
127 -64 0 -0.0015603670612581275 0.001853579444364652 0 0 0.00022436918482666337 -0.00026653094599947961
128 64 0 0.00046474372401276559 0.00063738283834962489 0 0 0.0001744273430959647 0.0002392221546712829
129 -65 0 0.00094314372330916237 -0.0033346691439409973 0 0 -0.00013937148811572276 0.00049277516191696333
130 65 0 -0.00038833426050293622 -0.00085816448729857521 0 0 -0.00014757889900161666 -0.00032612875833769745
131 -66 0 -7.2299845408043287e-05 0.0041439868192707638 0 0 1.097229531572584e-05 -0.00062889549637205509
132 66 0 0.00019673639675745979 0.00095014867945282435 -0 -0 7.569707981043596e-05 0.00036558299128040529
