0 0 0 6.000000 0.48229513340648383
1 -1 0 6.159151 0.010357672872080524
2 1 0 5.844996 0.01034818886376976
3 -2 0 6.322145 0.0084169992051277374
4 2 0 5.694469 0.0084044083730534739
5 -3 0 6.488703 0.0058259857077120137
6 3 0 5.548773 0.005818261161538588
7 -4 0 6.658566 0.0032851278222669417
8 4 0 5.408289 0.0032860059070924058
9 -5 0 6.831498 0.0013589674890055797
10 5 0 5.273425 0.0013655745975197694
11 -6 0 7.007282 0.00029623588626737752
12 6 0 5.144615 0.00030191052469630384
13 -7 0 7.185718 2.8249431499083132e-06
14 7 0 5.022317 2.7543599419524154e-06
15 -8 0 7.366625 0.00015944970299517638
16 8 0 4.907009 0.00015455776169207293
17 -9 0 7.549836 0.00040882452438331814
18 9 0 4.799189 0.00040482595969268642
19 -10 0 7.735198 0.00051480622728757215
20 10 0 4.699366 0.00051728282453690824
21 -11 0 7.922570 0.00042531917144519339
22 11 0 4.608052 0.00043490420287076192
23 -12 0 8.111825 0.00023057705866775464
24 12 0 4.525757 0.00024224726851555404
25 -13 0 8.302845 6.2605473759796423e-05
26 13 0 4.452977 6.9729404608748764e-05
27 -14 0 8.495523 2.8768935917954919e-06
28 14 0 4.390180 2.7490518684072526e-06
29 -15 0 8.689759 4.5885397187627282e-05
30 15 0 4.337796 4.2175574788113111e-05
31 -16 0 8.885463 0.00012481001658963434
32 16 0 4.296203 0.00012478509179429391
33 -17 0 9.082551 0.00016855870021386177
34 17 0 4.265713 0.00017718705468503675
35 -18 0 9.280949 0.00014790584799958466
36 18 0 4.246564 0.00016360030914752411
37 -19 0 9.480585 8.4390462666995017e-05
38 19 0 4.238909 9.9974647266569785e-05
39 -20 0 9.681394 2.4460180262669239e-05
40 20 0 4.242809 3.2792197695549601e-05
41 -21 0 9.883318 2.9177594688495691e-06
42 21 0 4.258233 2.762614674118151e-06
43 -22 0 10.086302 2.1812616649005642e-05
44 22 0 4.285058 1.9164294916600098e-05
45 -23 0 10.290295 5.567883633384461e-05
46 23 0 4.323072 5.9240580317360933e-05
47 -24 0 10.495252 7.4424669398141997e-05
48 24 0 4.371986 8.8658555290418319e-05
49 -25 0 10.701128 6.4925379626565825e-05
50 25 0 4.431442 8.6209011148864114e-05
51 -26 0 10.907886 3.6736825369112244e-05
52 26 0 4.501026 5.5889161673712849e-05
53 -27 0 11.115488 1.0919761336746427e-05
54 27 0 4.580280 2.0344317442067252e-05
55 -28 0 11.323901 2.9022887025730809e-06
56 28 0 4.668717 2.7858121215925549e-06
57 -29 0 11.533094 1.2577586974799876e-05
58 29 0 4.765830 1.1101461209208456e-05
59 -30 0 11.743038 2.7389190990537345e-05
60 30 0 4.871106 3.4518715198242213e-05
61 -31 0 11.953707 3.3829880288875523e-05
62 31 0 4.984034 5.3399082282076743e-05
63 -32 0 12.165077 2.7456370838382808e-05
64 32 0 5.104113 5.3836857650868406e-05
65 -33 0 12.377124 1.4309675967635261e-05
66 33 0 5.230857 3.6528141527472196e-05
67 -34 0 12.589829 4.2420372771728445e-06
68 34 0 5.363801 1.4539321062089428e-05
69 -35 0 12.803171 2.6726048295005415e-06
70 35 0 5.502504 2.8019307023513463e-06
71 -36 0 13.017133 7.3886764745288748e-06
72 36 0 5.646548 7.5038712554748813e-06
73 -37 0 13.231699 1.1953695983279361e-05
74 37 0 5.795545 2.2717178899885824e-05
75 -38 0 13.446853 1.1767284438036478e-05
76 38 0 5.949130 3.5824302875375165e-05
77 -39 0 13.662582 7.3382652676615277e-06
78 39 0 6.106967 3.7051926014720763e-05
79 -40 0 13.878872 2.5909377280071609e-06
80 40 0 6.268744 2.6045311558627502e-05
81 -41 0 14.095713 6.8797712553805507e-07
82 41 0 6.434172 1.1178272980107254e-05
83 -42 0 14.313092 1.6196652692385279e-06
84 42 0 6.602987 2.7873822191305021e-06
85 -43 0 14.531001 3.3017588929727393e-06
86 43 0 6.774946 5.6659583923935013e-06
87 -44 0 14.749430 4.0743246383326213e-06
88 44 0 6.949825 1.6180334269560095e-05
89 -45 0 14.968370 3.6644177500243503e-06
90 45 0 7.127420 2.5625806131336491e-05
91 -46 0 15.187814 2.4564996568722662e-06
92 46 0 7.307543 2.6883905391572255e-05
93 -47 0 15.407755 9.7517694502589201e-07
94 47 0 7.490023 1.9358248977591429e-05
95 -48 0 15.628187 5.1961805703910207e-08
96 48 0 7.674701 8.8210459820801624e-06
97 -49 0 15.849104 4.6986959339569199e-07
98 49 0 7.861434 2.7150444577487636e-06
99 -50 0 16.070502 1.997644652847583e-06
100 50 0 8.050090 4.6592133230473216e-06
101 -51 0 16.292374 3.2823950413411254e-06
102 51 0 8.240549 1.216997842872192e-05
103 -52 0 16.514719 3.1380373315594863e-06
104 52 0 8.432698 1.8974044476377356e-05
105 -53 0 16.737531 1.7559847185079873e-06
106 53 0 8.626438 1.9869335174627354e-05
107 -54 0 16.960808 3.9274592198022585e-07
108 54 0 8.821674 1.4409645346426402e-05
109 -55 0 17.184546 2.0622728789844937e-08
110 55 0 9.018321 6.8309529444096581e-06
111 -56 0 17.408745 5.2965068822008726e-07
112 56 0 9.216301 2.5680625167169909e-06
113 -57 0 17.633402 1.164088651340996e-06
114 57 0 9.415542 4.1705824045444495e-06
115 -58 0 17.858515 1.4079401255224288e-06
116 58 0 9.615976 9.6580254979404439e-06
117 -59 0 18.084083 1.2766700430004284e-06
118 59 0 9.817544 1.4342885516390736e-05
119 -60 0 18.310105 9.5969959410206398e-07
120 60 0 10.020189 1.4525805519493393e-05
121 -61 0 18.536582 5.4460451758053163e-07
122 61 0 10.223859 1.0197495948576875e-05
123 -62 0 18.763512 1.7214647493860108e-07
124 62 0 10.428507 4.8111187116909504e-06
125 -63 0 18.990896 1.5405807631141664e-07
126 63 0 10.634089 2.4857688694090733e-06
127 -64 0 19.218734 6.4351322304685857e-07
128 64 0 10.840565 4.880536013445775e-06
129 -65 0 19.447026 1.2823652178328859e-06
130 65 0 11.047896 1.0077548093652228e-05
131 -66 0 19.675775 1.4674241385065507e-06
132 66 0 11.256049 1.4174336081574407e-05
