0 0 0 0.10645665054627904 0.68218617136054571 0 0 -0.011189044844612014 -0.07170065584966985
1 -1 0 -0.033175561596113276 0.095907825911733663 0 0 0.0036170617237950287 -0.010456628597309739
2 1 0 -0.037859582122430742 0.09413077691785976 0 0 0.0038308357714976369 -0.0095246573575400381
3 -2 0 0.027314560509885025 -0.08721240454283162 0 0 -0.0030853583038051055 0.0098512116441945401
4 2 0 0.035776675326641409 -0.084070693652698453 0 0 -0.0034800369609684946 0.0081776497836786397
5 -3 0 -0.020238050080916468 0.073145904926244718 0 0 0.0023656329183525285 -0.0085500510100710771
6 3 0 -0.030840673001950394 0.069365915745389653 0 0 0.0028793246377999231 -0.0064760905255414865
7 -4 0 0.012965211321259636 -0.055317711531100891 0 0 -0.0015665804499878182 0.0066840133396505966
8 4 0 0.023654520641329217 -0.051766754340971943 0 0 -0.0021160313323068383 0.0046308304369499283
9 -5 0 -0.006443701211077563 0.035769534782069928 0 0 0.00080400806909259833 -0.004463117337444528
10 5 0 -0.015146151293809784 0.033249814724720189 0 0 0.0012958160674547087 -0.0028446595656147736
11 -6 0 0.0013944448309088551 -0.016688512030865181 0 0 -0.00017949954148344715 0.0021482242905435465
12 6 0 0.0064185263456387667 -0.015747808401209221 0 0 -0.00052411430707576272 0.0012859106972069689
13 -7 0 0.0017942215598927053 9.7899997317683074e-05 0 0 -0.00023805937044707717 -1.298948371215196e-05
14 7 0 0.0014283422678041562 0.00090259225789557287 0 0 -0.00011107149078472522 -7.0187846369157726e-05
15 -8 0 -0.0031044635040219717 0.012425313560519438 0 0 0.00042420533841307277 -0.0016978406533045159
16 8 0 -0.0074716340199483871 0.010124335692472399 0 0 0.00055194501245410489 -0.0007479055551906995
17 -9 0 0.0028541182794889794 -0.019960087422333576 0 0 -0.00040132487053517085 0.0028066389393199801
18 9 0 0.011105835701324753 -0.016760650041696655 0 0 -0.00077724124364199343 0.0011729930851671622
19 -10 0 -0.0015990200508993328 0.022344192049395938 0 0 0.00023119903894343332 -0.0032307010314738512
20 10 0 -0.012125242500742227 0.01904180995793538 0 0 0.00080149031437051267 -0.001258682145815637
21 -11 0 -5.0623984857601734e-06 -0.02015417948755913 0 0 7.5212093991703514e-07 0.0029943080265368341
22 11 0 0.010736335768429176 -0.017544045890722854 0 0 -0.00066801459879231551 0.0010915901877200599
23 -12 0 0.001350637595925956 0.014567621705862316 0 0 -0.00020605209538894847 -0.0022224236807717409
24 12 0 -0.0075004217612140338 0.013248541781491039 0 0 0.00043758800930939037 -0.00077294360357097673
25 -13 0 -0.0020052781110401628 -0.0071334103056205789 0 0 0.00031393693579374323 0.0011167732599167541
26 13 0 0.0032192831561961097 -0.0073623181686242765 0 0 -0.00017534217079363405 0.00040099760944462671
27 -14 0 0.0017908195900638887 -0.00050795132624334731 0 0 -0.0002875318886498353 8.155606795195254e-05
28 14 0 0.0012138051715018202 0.00112544465380914 0 0 -6.1410154041873302e-05 -5.6939722435445584e-05
29 -15 0 -0.0007998199992404584 0.0069036267575717262 0 0 0.00013162628148501027 -0.0011361290286846068
30 15 0 -0.0049701520009832823 0.0043664327861912943 0 0 0.00023221660291194337 -0.00020400949271814523
31 -16 0 -0.00065165589409049967 -0.011017740402349216 0 0 0.0001098618098394369 0.0018574663590398988
32 16 0 0.0074212480665419031 -0.0083001329629479523 0 0 -0.00031802624569454507 0.00035568951493113025
33 -17 0 0.0021215703650214468 0.012371358398395113 0 0 -0.00036621581692462796 -0.002135487560079028
34 17 0 -0.0082312421491575732 0.010227404757918336 0 0 0.00032090839185907217 -0.00039873204484590461
35 -18 0 -0.0031652364049223041 -0.011071510391671351 0 0 0.00055914021394734223 0.0019557865186601441
36 18 0 0.0073924137728537016 -0.010085276519791899 0 0 -0.00025963290733049609 0.00035421037627534566
37 -19 0 0.0034543895672578076 0.0077293192963658027 0 0 -0.00062418642326178976 -0.0013966392822558104
38 19 0 -0.0052006054617141223 0.0081574229044727824 0 0 0.00016256056881135388 -0.00025498479304922838
39 -20 0 -0.0028634070888600527 -0.0032887485284786209 0 0 0.00052900190372436864 0.00060758186958617818
40 20 0 0.002178447499364908 -0.0049880098344297344 0 0 -5.9680488709209526e-05 0.00013665092442755478
41 -21 0 0.0015021923852024464 -0.001195669125938534 0 0 -0.00028362346272403633 0.00022574992465110026
42 21 0 0.0010368599349299071 0.0012653811885605275 0 0 -2.4402476293903143e-05 -2.9780719088819526e-05
43 -22 0 0.00031178313685593852 0.0047849232939292281 0 0 -6.0135523451851965e-05 -0.00092289746603693896
44 22 0 -0.0038189697908949656 0.0023041957495335821 0 0 7.5138717672329291e-05 -4.5335345228120131e-05
45 -23 0 -0.0021349506191688781 -0.0068392347759966381 0 0 0.00042048954360370883 0.0013470225885959741
46 23 0 0.0056675900457600036 -0.0051128381941055239 0 0 -8.9639484873472956e-05 8.0865443382572484e-05
47 -24 0 0.0035120863248961991 0.0071237591497500946 0 0 -0.00070608277024412284 -0.0014321867772302342
48 24 0 -0.0062931445336256234 0.006740707424100322 0 0 7.5252727195951287e-05 -8.0604634802706958e-05
49 -25 0 -0.0040947957823037192 -0.0058185541005512948 0 0 0.00084001426178755749 0.001193629349861197
50 25 0 0.0056572084351287095 -0.0070076686310624548 0 0 -4.5824279685690257e-05 5.6763220053980231e-05
51 -26 0 0.0037336680572201747 0.0034364158103483656 0 0 -0.00078127040138544596 -0.00071907034003366934
52 26 0 -0.0039638298431068069 0.0059821823004891084 0 0 1.6817686399007265e-05 -2.5381126308001001e-05
53 -27 0 -0.00251976840142206 -0.00067233307628088287 0 0 0.00053763907852804119 0.00014345466646521003
54 27 0 0.0016061058155033845 -0.0039494479053552465 0 0 -6.1932428557334712e-07 1.5229314150927662e-06
55 -28 0 0.00076341751763210055 -0.0017771528078363503 0 0 -0.00016604118322189774 0.00038652578459886508
56 28 0 0.00091960752973769243 0.0013468400822275832 0 0 3.1924705560216974e-06 4.675632992487409e-06
57 -29 0 0.0010860426494398285 0.0033806705011948145 0 0 -0.00024070682825523052 -0.0007492804026972144
58 29 0 -0.0031141130718035075 0.0013208788278232873 0 0 -2.2822949822038376e-05 9.6805576783198821e-06
59 -30 0 -0.0025602529130821119 -0.0038852001060961307 0 0 0.00057807163427383331 0.00087722738770684499
60 30 0 0.0045708407083274415 -0.0035717595179288043 0 0 5.1131811568470558e-05 -3.9955567540540008e-05
61 -31 0 0.0033007741398382493 0.0033496947628341395 0 0 -0.00075900759043800894 -0.00077025680732161438
62 31 0 -0.0050486525438550242 0.0050274829239935525 0 0 -7.5955299527209663e-05 7.5636809632433232e-05
63 -32 0 -0.0031614328678135559 -0.0020930934019825352 0 0 0.00074015834891955794 0.00049003746760476147
64 32 0 0.0045093462140600588 -0.0054722406532704826 0 0 8.524235742614453e-05 -0.00010344441778134636
65 -33 0 0.0022523422154227812 0.00057290845813041426 0 0 -0.00053674576614787153 -0.00013652729464740058
66 33 0 -0.0031144322171478751 0.0048811824362225108 0 0 -7.0894275927800806e-05 0.00011111106948553091
67 -34 0 -0.00090627070023376586 0.00076939443499409994 0 0 0.00021977238093242376 -0.00018657962440051781
68 34 0 0.0011836944917358097 -0.003415144748452021 0 0 3.1514474668401695e-05 -9.0924215171593107e-05
69 -35 0 -0.00043173500657961509 -0.0016464822194356145 0 0 0.00010651350070834774 0.00040620422799511228
70 35 0 0.00087481080781856471 0.0013839269776558933 0 0 2.6669213916294585e-05 4.2189973285390412e-05
71 -36 0 0.0013637376754712896 0.0019948122237273616 0 0 -0.00034220433895836493 -0.00050056063614344222
72 36 0 -0.0026486156878416903 0.00081457465172538859 0 0 -9.0977101463681579e-05 2.7979763572325873e-05
73 -37 0 -0.0016896803695135049 -0.0019406627269982928 0 0 0.00043114678751481072 0.00049518862590322511
74 37 0 0.0038017860603924624 -0.0027682994119462329 0 0 0.00014528028685890427 -0.00010578694494907146
75 -38 0 0.0014722575028820566 0.0016720304909700057 0 0 -0.00038191996507767201 -0.00043374329930056024
76 38 0 -0.0041373800378985259 0.0041250340385061736 0 0 -0.00017410166544203751 0.00017358214365867077
77 -39 0 -0.00096023730123381433 -0.0012935763914561846 0 0 0.00025318646429844737 0.00034107822350986413
78 39 0 0.0036299908776961281 -0.0046537575497922999 0 0 0.00016679276771322112 -0.00021383334783717163
79 -40 0 0.00040463822715783917 0.00078190660714226741 0 0 -0.00010842030072273912 -0.00020950702082429018
80 40 0 -0.0024231592050893312 0.0042829240690272601 0 0 -0.00012071927085410363 0.00021337082171511752
81 -41 0 8.9492734934779405e-05 -9.002928263176325e-05 0 0 -2.4362660665090362e-05 2.4508725364999016e-05
82 41 0 0.00079347082071117318 -0.0031093762867318905 0 0 4.2602732020925006e-05 -0.00016694744310462363
83 -42 0 -0.00054711902544561587 -0.00070697714895648616 0 0 0.00015129560162674359 0.00019550139569833635
84 42 0 0.00091037028901913564 0.0013767385741245252 0 0 5.2407000664415817e-05 7.9254277340936252e-05
85 -43 0 0.00098565087129271964 0.0013907250424778981 0 0 -0.00027681664436974434 -0.00039058032688064383
86 43 0 -0.0023405314602683866 0.00057249561114676873 0 0 -0.000143812412906536 3.5176615488850489e-05
87 -44 0 -0.0013217421129933275 -0.0017276688271059249 0 0 0.00037692947877946201 0.00049269014288254613
88 44 0 0.0032201402388237575 -0.0023623102354148715 0 0 0.00021035488472238457 -0.00015431734657330297
89 -45 0 0.0014105578473066419 0.0016167200798688705 0 0 -0.00040838592792007404 -0.00046807419579775222
90 45 0 -0.0033965172330411835 0.0036539494836703235 0 0 -0.00023506656381835117 0.00025288296527297696
91 -46 0 -0.0011582912948156201 -0.0011365920561985337 0 0 0.0003403993923003687 0.00033402240606927316
92 46 0 0.0028673566825008845 -0.004209126166883348 0 0 0.00020958827485580901 -0.00030766437163237464
93 -47 0 0.00060322836322091887 0.00048307182839460905 0 0 -0.00017991642125770498 -0.00014407902524859307
94 47 0 -0.0017753734995797769 0.0039339714979530656 0 0 -0.00013667600950002771 0.00030285431541832636
95 -48 0 8.7534463163509057e-05 0.0001392136544136827 0 0 -2.6492038387882184e-05 -4.2132588052269045e-05
96 48 0 0.00037343264104604132 -0.002895522312917626 0 0 3.0202343663619379e-05 -0.00023418295662492472
97 -49 0 -0.00069290485051652119 -0.00060143386301048443 0 0 0.00021275927075843119 0.00018467272960804001
98 49 0 0.0010318616428779289 0.0013075919171407684 0 0 8.7475585805926552e-05 0.0001108504902149124
99 -50 0 0.0010358325081557703 0.00087515562993305404 0 0 -0.00032263867236165847 -0.00027259141640008253
100 50 0 -0.0021459109625571572 0.00051140407027475663 0 0 -0.0001902892495322292 4.5348897712115046e-05
101 -51 0 -0.001053106144015831 -0.00099895143767572822 0 0 0.00033269511458763093 0.00031558667178377891
102 51 0 0.0027473405461084263 -0.0022007490280941465 0 0 0.00025434891096877524 -0.00020374544371800832
103 -52 0 0.00080496549245840786 0.0010179193574280797 0 0 -0.00025789103817716347 -0.00032611619047921188
104 52 0 -0.0027320537683143825 0.003427990223653329 0 0 -0.0002636131791249853 0.00033076340273645636
105 -53 0 -0.00042469520275703707 -0.00093821526502196439 0 0 0.00013796223541115069 0.0003047792261815245
106 53 0 0.0021313137493198164 -0.0039541524813548629 0 0 0.00021398895994215444 -0.00039700629586228382
107 -54 0 4.0640708661570354e-05 0.00072741933997208302 0 0 -1.3384710306372642e-05 -0.0002395700630581208
108 54 0 -0.0011006517295340616 0.0036808305358000514 0 0 -0.00011482032317090437 0.00038398536096137189
109 -55 0 0.00028083405975122419 -0.00036025997714757844 0 0 -9.3757279858608459e-05 0.00012027385684344206
110 55 0 -0.00011739016059909766 -0.0026697426586774322 0 0 -1.2706662267754959e-05 -0.00028898093445399963
111 -56 0 -0.0005369184560811474 -0.00012621572575964151 0 0 0.00018168347018991354 4.2709113067039733e-05
112 56 0 0.001248175588090815 0.0011306054283389592 0 0 0.00014000863696327681 0.00012682071855542662
113 -57 0 0.00074101702136620737 0.00061687165710604315 0 0 -0.00025411662943159146 -0.00021154351624292755
114 57 0 -0.0020454127840007059 0.00062059503198365362 0 0 -0.00023747936373499345 7.2053188718373186e-05
115 -58 0 -0.00087273718253857275 -0.00096397453173895434 0 0 0.00030327297534055517 0.00033497762011540068
116 58 0 0.0023439771244331497 -0.0022249172588372297 0 0 0.00028137448845376271 -0.00026708236570724604
117 -59 0 0.00087319119610704406 0.0010652116575402624 0 0 -0.00030743543941137003 -0.00037504250553833837
118 59 0 -0.0020938122228607728 0.0033528773189421116 0 0 -0.00025960148694042807 0.00041570678020828698
119 -60 0 -0.00069141392383094814 -0.00091612077151985536 0 0 0.00024661956354761055 0.00032676996664644559
120 60 0 0.0013678670648341628 -0.0037714261873467774 0 0 0.00017499724339073555 -0.00048249512208069239
121 -61 0 0.00034017032227871564 0.00059987305863816757 0 0 -0.00012290867432673271 -0.00021674319472564062
122 61 0 -0.00034278947602158801 0.003391819162843375 0 0 -4.521036703352267e-05 0.00044734567421150139
123 -62 0 8.8586975976369473e-05 -0.00022849374467477261 0 0 -3.2419473196288992e-05 8.362004402294393e-05
124 62 0 -0.00074290080073010029 -0.0022883831471568654 0 0 -0.00010092374286969296 -0.00031087891156400082
125 -63 0 -0.00046306003495322245 -0.00011654394175195176 0 0 0.00017162396099800451 4.3194686226400899e-05
126 63 0 0.0016435112778572663 0.00068400404976771707 0 0 0.00022979326552131696 9.5636413539463162e-05
127 -64 0 0.00067712683432454924 0.00040465153140575833 0 0 -0.00025413884803093833 -0.00015187357645927237
128 64 0 -0.0021613416472509562 0.0010950362579531245 0 0 -0.00031078486310433126 0.00015745807422676568
129 -65 0 -0.00069721377983674013 -0.00063335829539638139 0 0 0.00026496256566135162 0.00024069552809243293
130 65 0 0.0021899313312446823 -0.0026858404916955307 0 0 0.00032361344402094701 -0.00039689559175104159
131 -66 0 0.00056288226830139652 0.00079034883115332278 0 0 -0.00021657682406381887 -0.00030409776500915468
132 66 0 -0.0017358107542876067 0.0037636172827869227 -0 -0 -0.00026342833931063445 0.00057117024315951972
