0 0 0 0.076472324864288233 0.48693106969434236 0.076440266580726585 0.48695713524820822 2.3825689891035493e-06 -1.9371898125807878e-06
1 -1 0 -0.025979836693436061 0.06736239483918377 -0.025936806185278872 0.067293926483312463 9.7534514966460362e-05 -0.00025609713222057487
2 1 0 -0.024367465665451057 0.067980461241471155 -0.024353236775356217 0.068004231171317819 -9.5592279435389584e-05 0.00026196559025388702
3 -2 0 0.02386465308774826 -0.060534122068770485 0.023819839249436391 -0.060438596170185564 -0.00018168301465349728 0.00046219780329033293
4 2 0 0.020947599105519861 -0.061625845337015386 0.020954242778767191 -0.061697096891818244 0.00016209047048141654 -0.00047300960036350043
5 -3 0 -0.020042121185694203 0.050292437745719773 -0.020005064431148564 0.050189768114901757 0.00023025592758822583 -0.00057707076224889416
6 3 0 -0.016377826535783836 0.051603544596620414 -0.016403909295633644 0.051710170658879749 -0.00018879640053592241 0.00059304465186187625
7 -4 0 0.014992946082881835 -0.03781893503429673 0.01497148828640758 -0.037729500975852814 -0.00023076100363320139 0.0005794613853512897
8 4 0 0.011283412282753685 -0.039046080108954814 0.011323327009315463 -0.039168227655137881 0.00017229892098581019 -0.00059742675629853332
9 -5 0 -0.0093555602689107484 0.024493524380458803 -0.0093541672029829152 0.024434145239886317 0.00018109218149367696 -0.00046997543728250461
10 5 0 -0.0063143405928683255 0.025356706629385797 -0.0063595136575402911 0.025470430349130858 -0.0001192845903128555 0.0004840532110481737
11 -6 0 0.003826006217449154 -0.011710065879947022 0.0038448237338982363 -0.011690845968774071 -9.0299337361617412e-05 0.00027067418392121142
12 6 0 0.0020421337055700193 -0.012019219895084541 0.0020828793331074476 -0.012101113755138861 4.4582185492271135e-05 -0.00027415383510282377
13 -7 0 0.00094960317000128706 0.00069806498890109033 0.00091475721375846415 0.0007207014476358968 -2.3152614317928214e-05 -2.0599968382541114e-05
14 7 0 0.0011251740966200842 0.00039773329935959424 0.0010975508619387331 0.00042965424670561407 3.2678067248272022e-05 8.4457667564785166e-06
15 -8 0 -0.0044716114007488121 0.0076247468340117927 -0.0044283206064661641 0.0075669130549730432 0.00013527722138152574 -0.0002318530252336206
16 8 0 -0.0029953356137170524 0.0084435127021931788 -0.0029866435857979442 0.0084705634961896661 -9.3844542180137325e-05 0.0002606950506415403
17 -9 0 0.0064562313247050552 -0.012749640052784597 0.0064138237479380621 -0.012669908688439868 -0.00022176650053601634 0.00043823792363682958
18 9 0 0.0036033172125967332 -0.013873100487507506 0.0036152080131849418 -0.013956740308072408 0.00012529387949734275 -0.00047957013773071634
19 -10 0 -0.0068669088530305192 0.014612716676104276 -0.006834432233689184 0.01452805829169077 0.00026335135682721583 -0.00055925607513182855
20 10 0 -0.0031816096037968131 0.015758250732210224 -0.0032112175290803951 0.015884630269481104 -0.00012163764045423324 0.00060397290822540909
21 -11 0 0.0059036890305121477 -0.013567506357264454 0.0058879602531776414 -0.013494986406805147 -0.00025013105810952631 0.00057213914476879758
22 11 0 0.002097005979342462 -0.01445428259584766 0.0021375908021939085 -0.014600261366693597 8.6801732103425013e-05 -0.0006082908522387475
23 -12 0 -0.0039541248620083656 0.010301701969596892 -0.003958278043972141 0.010255045998645254 0.00018389987374844649 -0.00047485377361663778
24 12 0 -0.00076763317439849292 0.010720813873863104 -0.00081009832992674899 0.010858071131822251 -3.2719101000129162e-05 0.00049098801473832334
25 -13 0 0.0015158858465344541 -0.0057131101853188666 0.0015387326842618333 -0.0057001011361855862 -7.7934775601081897e-05 0.00028637458618628538
26 13 0 -0.00042262558683791874 -0.0055796979846905008 -0.00038766542994030518 -0.0056800689143881589 -2.4027498352581179e-05 -0.00027524828607424949
27 -14 0 0.0008942065968872815 0.0007650304573578277 0.0008578701567321836 0.00078623357558925508 -4.573562226194377e-05 -4.3005007813199007e-05
28 14 0 0.0011953258705004893 0.0001391319215809033 0.0011753877436464762 0.00018019476497923312 6.675374086211565e-05 4.5277356238521567e-06
29 -15 0 -0.0028282290069698256 0.0036567875758524129 -0.0027864443175437351 0.0036077671923028316 0.00016100603587584767 -0.00020854543578416586
30 15 0 -0.0014208695370425688 0.0045863326329401571 -0.0014198528579351711 0.0046164840497541684 -8.3238095092981278e-05 0.00026617902051197635
31 -16 0 0.003977076503419056 -0.0068648651252127693 0.0039389378743089135 -0.0067997101698640148 -0.00024330717200763893 0.00042002469062150808
32 16 0 0.0011269665491753958 -0.0078299663419353956 0.0011442361373083933 -0.0079297268904803628 6.9102788737100972e-05 -0.00048162716520684304
33 -17 0 -0.0042110070967600133 0.0084520500883068853 -0.0041846690013828333 0.0083850493777267165 0.00027493665197677908 -0.00055078656522053232
34 17 0 -0.00047257354967988142 0.0091763490415677877 -0.00050312577467920034 0.0093300602884711942 -2.9093904253047173e-05 0.0005978408626311297
35 -18 0 0.0035854009144795614 -0.0083251826017876635 0.0035763168438740028 -0.0082701394586521711 -0.00024894127105872188 0.00057551715188796542
36 18 0 -0.00030496580030041034 -0.0085986666546831129 -0.00026924654383889672 -0.0087787826121168699 -2.4129316915496381e-05 -0.00059142234575173375
37 -19 0 -0.0023128943288427202 0.0066884135428893383 -0.0023226719961135121 0.006655806111233507 0.00017069173275798406 -0.00048909296575819856
38 19 0 0.00095638148243278173 0.0064263725191041265 0.00092463306317035405 0.0065980957703847013 7.3438779697270693e-05 0.00046461470895446357
39 -20 0 0.00070911168259716998 -0.003981936454236194 0.00073522877129075001 -0.0039769137960797944 -5.6788919268096166e-05 0.00030764983748032116
40 20 0 -0.0012848597466170325 -0.0032522993085375815 -0.0012648027586687509 -0.003379972852830503 -0.00010205365448835478 -0.00024494340555001801
41 -21 0 0.00087632661932265032 0.0007884049389009504 0.00083989556223924866 0.00081000463972000236 -6.8478769152195118e-05 -6.5638487457389351e-05
42 21 0 0.0011936900655395608 -0.00020100263599216736 0.0011894534716589498 -0.00014684204760014486 9.8463293829776288e-05 -2.058994173485497e-05
43 -22 0 -0.0021297557433092181 0.0022763277953172407 -0.0020911535079207928 0.0022346278075714926 0.00017837039566641818 -0.00019061334099071156
44 22 0 -0.00070678936841460458 0.0032290785649561073 -0.00071761077741721365 0.0032652900011705659 -6.0105207230666554e-05 0.00027559316389649726
45 -23 0 0.0028311952746358196 -0.0046698873323301887 0.002798855976188043 -0.0046184580825523475 -0.00024948700422421988 0.0004116556577449789
46 23 0 -4.1737885582418856e-05 -0.0052791971345489616 -2.1487337380204838e-05 -0.0054055644703437083 -5.2845210118630208e-06 -0.00046650360739765691
47 -24 0 -0.0028897061358233436 0.0060104984748669812 -0.0028705007257887644 0.0059611070734606336 0.00026686122754910891 -0.00055436289039870971
48 24 0 0.00084551200996463652 0.0060451785063188185 0.00082482511254825322 0.0062429321195820071 8.1157037508043027e-05 0.000554267175909024
49 -25 0 0.0023510420577681898 -0.0061314814684945516 0.0023488066545897441 -0.0060946572607386874 -0.00022722168106115319 0.00059029289888729909
50 25 0 -0.0014813249879271385 -0.0055072138850904796 -0.0014698080021027702 -0.0057411387149358057 -0.00014623648308163711 -0.00052285564093599505
51 -26 0 -0.0013778743301100702 0.0050959114406348965 -0.0013926400843866735 0.0050787114126320376 0.00013970334449758885 -0.00051135286550805668
52 26 0 0.0017681123712282637 0.0039118689017770356 0.0017726042569226946 0.004135972010810866 0.00018024087432445742 0.00038265401558652872
53 -27 0 0.00020817151599854998 -0.0031710513674552097 0.00023625221329523366 -0.0031756977823105522 -2.3831205814183848e-05 0.00033164491291549035
54 27 0 -0.0016147003123346828 -0.0016995646425146782 -0.0016361750332010807 -0.0018655822381244988 -0.00016975678527042499 -0.00016787594925046854
55 -28 0 0.00089870244505855167 0.00076884542918641469 0.0008638034969758819 0.00079250141073183063 -9.4794917391141203e-05 -8.5066036957745893e-05
56 28 0 0.001044367225330271 -0.00060281652532957546 0.0010761423364739171 -0.00053544654507648966 0.00011263577264234528 -7.1475105348204745e-05
57 -29 0 -0.0017166737524594432 0.0016357912513507451 -0.0016827582886385286 0.0016001022412590539 0.00019017294134679818 -0.00018096272458961688
58 29 0 -0.00018995585883528285 0.0025000486347704796 -0.00021808584251095984 0.0025546147569464601 -1.9563758481822843e-05 0.00028129467526967261
59 -30 0 0.0020973488779707961 -0.0035938029862160191 0.0020717693641797209 -0.0035553820847850654 -0.00024167544670694558 0.00041451166429656248
60 30 0 -0.00073944272922192545 -0.0036319089744320313 -0.00073313154544956576 -0.0038073357294945154 -8.7869657985638721e-05 -0.00041600435693398902
61 -31 0 -0.0019956393886750474 0.0047621396649288857 -0.0019836929640033485 0.0047303431910479619 0.00023864077273291667 -0.00056921792051471112
62 31 0 0.0015120582633863571 0.0038403191017299929 0.001544494305209896 0.0041084865699578307 0.00018235586695773288 0.00044911027361775905
63 -32 0 0.001472359044532222 -0.0049614072573956908 0.0014761837870052152 -0.0049434543043033949 -0.00018273848713727482 0.00061348512108320801
64 32 0 -0.0019337993927393844 -0.0031874086335645642 -0.0020137512688025248 -0.0034962434365026001 -0.0002381238151327264 -0.00037910340251067019
65 -33 0 -0.00067444183248941162 0.0042015484673294272 -0.00069264756278191039 0.0042009060257885327 8.7557083040337331e-05 -0.00053698592131016664
66 33 0 0.0018998485619406236 0.001922839988914766 0.0020213330954527106 0.0022055700223033766 0.00023838487778581605 0.0002291792972950133
67 -34 0 -0.0002019707283638292 -0.0026719914078323428 -0.00017387611014362881 -0.0026876945461555006 2.4517824990995876e-05 0.00035311948175242142
68 34 0 -0.0014236685881623373 -0.00041015561545475004 -0.0015619815865923726 -0.00059982449346459145 -0.0001808288106974195 -4.0749834778792484e-05
69 -35 0 0.00095696632168300203 0.00069914797800126093 0.00092547454553444869 0.00072619108425441817 -0.00012745009739216297 -9.6830000064258853e-05
70 35 0 0.00063487067210459837 -0.00096894240361868793 0.00074762685693767993 -0.00092208759674452991 7.9346194183490057e-05 -0.0001376938636161791
71 -36 0 -0.0014307572848849723 0.0013200212979217248 -0.0014028497668947147 0.0012893354789468305 0.00019756678116948496 -0.00018190897151613641
72 36 0 0.00025488918366129831 0.0019086102796928199 0.0002199020692324916 0.0020207068878193304 3.8980880098353688e-05 0.00026351028620008729
73 -37 0 0.0015366668406964715 -0.0029954720537152878 0.0015182492972379384 -0.0029695593514596878 -0.00021906274393025768 0.00042776788291298378
74 37 0 -0.0010103526313123676 -0.0022479534222951923 -0.0011001503401575352 -0.0024910897608397182 -0.00014130588473261875 -0.00031110322092932948
75 -38 0 -0.0012764974139045633 0.0040178787556833457 -0.0012711329781489576 0.0040037522708762201 0.00018771251089960469 -0.00059104528908052905
76 38 0 0.001440496244804259 0.0019979434220253303 0.0016768235788453547 0.0023011147808882711 0.0001991268354140346 0.00027805579146569217
77 -39 0 0.00073559269668163152 -0.0042150179835182397 0.0007438088316124229 -0.0042165261203709068 -0.00011189644663339074 0.00063779005364996691
78 39 0 -0.0014564006777169195 -0.0013193471037272542 -0.001816210394854302 -0.0015851463766734394 -0.00019809511679775072 -0.00018402889352161047
79 -40 0 -5.9407027886783115e-05 0.0035804588806465617 -7.8712563445948631e-05 0.0035973048836058091 1.065629916304375e-05 -0.00055698921316262929
80 40 0 0.0010996691972886465 0.00045806480692295098 0.0015056799973721707 0.0005957514253292467 0.00014385366654254785 6.2315351249955502e-05
81 -41 0 -0.00058259344961976661 -0.0022696736554818548 -0.00055701082258970743 -0.0022974557290385235 9.0814123966685863e-05 0.00036327429725224064
82 41 0 -0.00052737158445230979 0.00034192156161470387 -0.00086054615918712909 0.00037400624810801354 -6.0598803757539263e-05 5.3306015424134152e-05
83 -42 0 0.001037213084495738 0.00056495945537333547 0.0010112929666427773 0.00059623124750612629 -0.00016722191273796957 -9.4461401080622452e-05
84 42 0 -4.8038492054282827e-05 -0.00091668340201038956 9.3857400526097524e-05 -0.0010778212338153879 -1.8855443149343848e-05 -0.000140968325559169
85 -43 0 -0.0012027614382234975 0.0011834575768368833 -0.0011821725129153337 0.0011573475963899999 0.00019935686239823565 -0.00019572171901644479
86 43 0 0.00044551401260628455 0.0012179436445778427 0.00054870536184542962 0.0013885133735502056 6.8454233467601811e-05 0.00019565600870088224
87 -44 0 0.0010513230690745966 -0.0026282334196411107 0.0010401903433431821 -0.0026149533817100613 -0.00017891628151378615 0.00044836153222411578
88 44 0 -0.00058915722398354307 -0.0012879977694532521 -0.00087654066965478072 -0.0013289077312852561 -8.1430340558772871e-05 -0.00022291318179366089
89 -45 0 -0.00063321387544414294 0.0034935297092813875 -0.00063326190318287743 0.0034977479774069048 0.00011076732228116183 -0.00061141331778135602
90 45 0 0.00052420656610118041 0.0011918169166745334 0.00083577684491306778 0.0010386653926010491 7.0345168252480069e-05 0.00022584858816900881
91 -46 0 6.2908219137185436e-05 -0.003627919911479763 7.3205160018673416e-05 -0.0036499552165866669 -1.2020424462676746e-05 0.00065060978233929677
92 46 0 -0.00036184919388731508 -0.0009592895157492481 -0.00053642484004270106 -0.0006781742219079301 -5.3155620212817256e-05 -0.00019789542727956821
93 -47 0 0.00051001135408636526 0.0030312961504750549 0.00049267043665355648 0.00306678648621305 -9.1960704837807945e-05 -0.00055690563238927637
94 47 0 0.00019379215941272692 0.00058503362595187355 0.00018164310766399702 0.00032287402841432657 3.7372923669884069e-05 0.00013011146209654115
95 -48 0 -0.00093789090942908665 -0.0018507865616701007 -0.00091807579540529542 -0.001891501671101928 0.00017373548883941131 0.00034879368043986745
96 48 0 -4.2700728228241551e-05 -8.0898667532857031e-05 7.529489516691889e-05 5.798840287479015e-05 -1.7265419937788632e-05 -2.621240943167802e-05
97 -49 0 0.001111210611597565 0.00034697957237557481 0.0010936603716214203 0.0003826380073788281 -0.00021070184645714687 -6.8861934894692264e-05
98 49 0 -0.00011821052939669712 -0.00047308187298759842 -0.00022556786870150226 -0.00050227616184550657 -1.4976034741328123e-05 -9.070277343768987e-05
99 -50 0 -0.00098535197110903496 0.0011622327897243456 -0.00097379521389153497 0.0011415232545176723 0.00019106068197407138 -0.00022482966284333156
100 50 0 0.00030315912606657867 0.00093384065245337867 0.00035218781419773257 0.00094212188348584208 5.7072860654303323e-05 0.00018678497175345294
101 -51 0 0.00059153478653317616 -0.002368364365954645 0.00058782101132259996 -0.0023695899070938602 -0.00011729996457448081 0.00047084312249386919
102 51 0 -0.00047187347014271121 -0.0011616749305852657 -0.00049786495629062827 -0.0012162283106412184 -9.4706304916012264e-05 -0.00023387777660732344
103 -52 0 -2.925698212335981e-05 0.0030356909286217643 -3.3014713506115898e-05 0.003060934795396604 6.2130293764467001e-06 -0.0006174136917272854
104 52 0 0.00054723469605450295 0.0010960171885547171 0.00060700935009600583 0.0011922448646986424 0.00010987420232984842 0.00022187014382796602
105 -53 0 -0.00055804317644649146 -0.0030481537789744228 -0.00054913930386674451 -0.0030936327560936406 0.00011471965108474689 0.00063365961674999912
106 53 0 -0.00047220190659556029 -0.00078282272929727662 -0.00058368087043047135 -0.00086580300466320228 -9.2197890967911277e-05 -0.00016070651168831573
107 -54 0 0.0010183530184728078 0.0024302549417663582 0.0010077806635459051 0.0024866988629666624 -0.00021385678558242122 -0.00051646891449915052
108 54 0 0.00025523998722331128 0.00034201466176689277 0.00038297910774537722 0.00035907005994675287 4.5709442784439911e-05 7.3158207079457768e-05
109 -55 0 -0.0012290102610143456 -0.0013379397365171864 -0.0012202802768885178 -0.0013923372093343025 0.00026333577722843137 0.00029145795236095703
110 55 0 2.7284033430075533e-05 9.4227778501017399e-05 -5.4431416811124347e-05 0.00015382618250609864 1.2380624102450638e-05 1.6312905466742667e-05
111 -56 0 0.0011279747474920473 2.1858616610208388e-05 0.0011235046680160305 6.0279925903055551e-05 -0.00024649420792938155 -7.6601743724526626e-06
112 56 0 -0.00026853910655331108 -0.0004336939423982647 -0.00028055670067443183 -0.00053104122709241052 -5.9858008726188082e-05 -9.0634212190130646e-05
113 -57 0 -0.00073068658092765118 0.0012287209708742241 -0.00073099454444702132 0.001217784859622218 0.00016286355313731803 -0.00027301284102530966
114 57 0 0.00038365153880152709 0.00064377805488431109 0.00049095052604675128 0.0007126977119386725 8.0185333521921905e-05 0.00014317221627363757
115 -58 0 0.0001280983462675932 -0.0021489901338519967 0.00013157793942249817 -0.0021715038965605137 -2.932667093595038e-05 0.00048929874114082004
116 58 0 -0.00034826911663736959 -0.00073675421714766384 -0.00050030779295052617 -0.00072212256255213515 -7.0050435940927571e-05 -0.00017430237366638311
117 -59 0 0.00053404180117733505 0.0025548940985762954 0.00053064818942388434 0.0026091249524435489 -0.00012308430366144145 -0.00059412984917383812
118 59 0 0.00020388961225633871 0.00073654015939214883 0.00032194219326633851 0.00062813184731288921 3.9631575707869114e-05 0.00018475477214901338
119 -60 0 -0.0010899995204754973 -0.0023804874489481353 -0.0010905010220747581 -0.0024564370476684461 0.00025620207659466548 0.00056514692227027793
120 60 0 -2.8566755175134984e-05 -0.00065117710552398968 -4.9054032732076471e-05 -0.00049272729324600732 -5.3687088752343377e-06 -0.00017107391204054941
121 -61 0 0.0013947322923386495 0.0016884730933217093 0.001402029216930516 0.0017692174015766838 -0.00033400329748615857 -0.00040974769861486959
122 61 0 -0.00010897525169216568 0.0004702794791584662 -0.00019598886659586304 0.00033439904113156314 -2.025997092892205e-05 0.0001272974241465863
123 -62 0 -0.0013605524328422871 -0.000652076539576242 -0.001375228435121659 -0.00071694086845215329 0.00033193418453844993 0.00016343341969383466
124 62 0 0.00018328787725053534 -0.0001890007358398184 0.0003274079545610617 -0.00013028862815532926 3.5042002065042528e-05 -5.2318240924079253e-05
125 -63 0 0.00098060266645333708 -0.00048716032100266557 0.0010000386348100235 -0.00045809167526788527 -0.00024391202568319978 0.00011826248538487609
126 63 0 -0.00021292917191949719 -0.00016098021482842628 -0.00033756372232433791 -0.00014225694660686841 -4.4977832059502082e-05 -4.2833495542202698e-05
127 -64 0 -0.00033295831393789739 0.0014756933000449077 -0.00035137148038628864 0.0014966057342109581 8.5072277346657658e-05 -0.00037247824787260903
128 64 0 0.00023013984032588779 0.00050166033720756907 0.00028447599962898637 0.00045538409436131626 5.591154442508474e-05 0.00013476972284650425
129 -65 0 -0.00043622123212188891 -0.0021053150722442088 -0.00042660231760301273 -0.0021803336104634463 0.00011070764149898715 0.00054344895101646575
130 65 0 -0.00024539353830126023 -0.00073463094518945525 -0.00023292028475315992 -0.00071792546356976982 -6.6223678305759006e-05 -0.00019663532255511599
131 -66 0 0.0011469129031312243 0.0022583365350743912 0.0011536217540220651 0.0023789579458531954 -0.00029820315967530117 -0.00059527370336898361
132 66 0 0.00023670187432161676 0.00078896321620291522 0.00019799875034099979 0.00082157464904930892 6.703198734841329e-05 0.0002107416672007562
