0.000000 0.62458828607607486
3.503504 0.62410011345762506
7.007007 0.62303450381355063
10.510511 0.62157600933298374
14.014014 0.61997622368986982
17.517518 0.61851018894954424
21.021021 0.61742926641489571
24.524525 0.6169184487565994
28.028028 0.61706509715619229
31.531532 0.61784412753810569
35.035035 0.61912207586764889
38.538539 0.6206795340076513
42.042042 0.62224846641845977
45.545546 0.62355828963132442
49.049049 0.6243828193941483
52.552553 0.62457974948172701
56.056056 0.62411549083929219
59.559560 0.62307084997972917
63.063063 0.62162661946416431
66.566567 0.62003187683250816
70.070070 0.6185608243697035
73.573574 0.61746578731013668
77.077077 0.61693433713294432
80.580581 0.61705756392447142
84.084084 0.61781460225988816
87.587588 0.6190759493652892
91.091091 0.62062519179582387
94.594595 0.62219577583355345
98.098098 0.62351680786838182
101.601602 0.62436005028914643
105.105105 0.62457977548052146
108.608609 0.62413823802295709
112.112112 0.62311212092821711
115.615616 0.62167887916534514
119.119119 0.62008563520233118
122.622623 0.61860635480088455
126.126126 0.61749487062400021
129.629630 0.61694172645033696
133.133133 0.61704192010670855
136.636637 0.61777873947264628
140.140140 0.61902634359468978
143.643644 0.62057082891741688
147.147147 0.62214653398997644
150.650651 0.62348166083728618
154.154154 0.62434542235435275
157.657658 0.62458835844045479
161.161161 0.62416849602420343
164.664665 0.62315857527185514
168.168168 0.62173311364391692
171.671672 0.62013782761214553
175.175175 0.61864704966406225
178.678679 0.61751667513112818
182.182182 0.61694063479047467
185.685686 0.61701803983761894
189.189189 0.61773629364646521
192.692693 0.61897294087115373
196.196196 0.62051611752752356
199.699700 0.62210046764216032
203.203203 0.62345268486429517
206.706707 0.62433891575932188
210.210210 0.62460562893278726
213.713714 0.62420652305235902
217.217217 0.62321055091822397
220.720721 0.62178967641821137
224.224224 0.6201887550260633
227.727728 0.61868309790061171
231.231231 0.61753123812918409
234.734735 0.6169309356441065
238.238238 0.61698565088846624
241.741742 0.61768689262137899
245.245245 0.61891533498238693
248.748749 0.62046069177810659
252.252252 0.62205732066608266
255.755756 0.62342978468171828
259.259259 0.62434061884883252
262.762763 0.62463184831814478
266.266266 0.62425271087665124
269.769770 0.6232685029045959
273.273273 0.62184900625458606
276.776777 0.62023876240738118
280.280280 0.61871468910431426
283.783784 0.61753855927659651
287.287287 0.61691243744272539
290.790791 0.61694440295716224
294.294294 0.61763008827385335
297.797798 0.61885305884016628
301.301301 0.62040414845240843
304.804805 0.62201682542012349
308.308308 0.62341287531091105
311.811812 0.62435064262407014
315.315315 0.62466730029409234
318.818819 0.62430746025088901
322.322322 0.62333287160403994
325.825826 0.62191149868610163
329.329329 0.62028812503169894
332.832833 0.61874192621022939
336.336336 0.61753855036322258
339.839840 0.61688487920316926
343.343343 0.61689391502619861
346.846847 0.6175654575096633
350.350350 0.61878573631783529
353.853854 0.62034624164940222
357.357357 0.62197892702473634
360.860861 0.62340211797256451
364.364364 0.62436934681475742
367.867868 0.6247124840036492
371.371371 0.62437131860201078
374.874875 0.62340414573419256
378.378378 0.62197748067012903
381.881882 0.62033692864363688
385.385385 0.61876461375455416
388.888889 0.61753074343253589
392.392392 0.61684757897214326
395.895896 0.61683339202363285
399.399399 0.61749222046536745
402.902903 0.61871273809761829
406.406406 0.62028661200146373
409.909910 0.62194361782423802
413.413413 0.62339788434593313
416.916917 0.62439744809788311
420.420420 0.62476836774122413
423.923924 0.624445367065116
427.427427 0.62348335722259751
430.930931 0.62204777617642637
434.434434 0.62038565995343131
437.937938 0.61878282247530902
441.441441 0.61751477782633657
444.944945 0.61679979500444149
448.448448 0.61676181919510176
451.951952 0.61740923816729776
455.455455 0.61863296689349645
458.958959 0.62022436036774209
462.462462 0.62191031855992851
465.965966 0.62339998251441142
469.469469 0.62443514499023989
472.972973 0.62483548071126438
476.476476 0.62453035597679551
479.979980 0.62357134014188609
483.483483 0.62212316424755443
486.986987 0.62043492854150151
490.490490 0.61879692244215556
493.993994 0.61749076928806612
497.497497 0.61674142908285323
501.001001 0.61667896915777343
504.504505 0.61731626375549931
508.008008 0.61854626598405016
511.511512 0.62015950377361018
515.015015 0.62187925576211989
518.518519 0.62340882351304883
522.022022 0.62448294684496108
525.525526 0.62491429645291396
529.029029 0.6246265661141035
532.532533 0.62366803518452196
536.036036 0.62220314117701558
539.539540 0.62048375265613909
543.043043 0.61880550733344608
546.546547 0.6174570294369145
550.050050 0.61667072880907492
553.553554 0.61658329152499125
557.057057 0.61721222457712288
560.560561 0.61845228174710842
564.064064 0.62009257089308079
567.567568 0.62185188980626704
571.071071 0.62342671408922257
574.574575 0.62454378633363639
578.078078 0.6250080403263889
581.581582 0.624737112342034
585.085085 0.62377603034899631
588.588589 0.62228939960137697
592.092092 0.62053266391076345
595.595596 0.61880782489407093
599.099099 0.61741156140808495
602.602603 0.6165846506399385
606.106106 0.61647102780314855
609.609610 0.61709307018671766
613.113113 0.61834713151076892
616.616617 0.62002028377424057
620.120120 0.62182590524918691
623.623624 0.62345253503547882
627.127127 0.62461782396622245
630.630631 0.62511808277222281
634.134134 0.62486437233493797
637.637638 0.62389841424962666
641.141141 0.62238539926680536
644.644645 0.62058516075703929
648.148148 0.61880712959551831
651.651652 0.61735716980080613
655.155155 0.61648542882431479
658.658659 0.61634379763911518
662.162162 0.61695981445295711
665.665666 0.6182312544018278
669.169169 0.6199425291853331
672.672673 0.62180062735289188
676.176176 0.62348500129252982
679.679680 0.62470308629187299
683.183183 0.6252416830375922
686.686687 0.62500479936430753
690.190190 0.6240308802865594
693.693694 0.62248624170560496
697.197197 0.62063606255518855
700.700701 0.61879840574393996
704.204204 0.61728955757132897
707.707708 0.61637008949306193
711.211211 0.61620053009079212
714.714715 0.61681375694165652
718.218218 0.61810858747681574
721.721722 0.61986587196808429
725.225225 0.62178491349790543
728.728729 0.62353459428402314
732.232232 0.62481071959640466
735.735736 0.625389495809344
739.239239 0.62516733700740135
742.742743 0.6241795338730215
746.246246 0.62259431143953325
749.749750 0.62068351841229119
753.253253 0.61877549822109723
756.756757 0.61719866406734314
760.260260 0.61622549839607821
763.763764 0.61602619868676833
767.267267 0.61663938707442689
770.770771 0.61796462244290262
774.274274 0.61977821190056892
777.777778 0.62177024507974743
781.281281 0.62359719313549022
784.784785 0.62494137858954557
788.288288 0.62556686696615016
791.791792 0.62536151131267248
795.295295 0.62435723048762315
798.798799 0.62272472250232036
802.302302 0.62074373868938559
805.805806 0.61875457538198508
809.309309 0.61709958631741646
812.812813 0.61606480830927113
816.316316 0.61583130659922147
819.819820 0.61644400453200587
823.323323 0.61780302333009396
826.826827 0.61967923925497603
830.330330 0.62175208378969382
833.833834 0.62366387644540877
837.337337 0.62508175313319558
840.840841 0.62575631522032971
844.344344 0.62556619552965353
847.847848 0.62454010505395574
851.351351 0.62285219846931139
854.854855 0.62079176695825622
858.358358 0.61871305713085811
861.861862 0.61697435874756223
865.365365 0.61587689023015002
868.868869 0.61561352980656014
872.372372 0.61623554857497675
875.875876 0.6176426916939487
879.379379 0.61959854858824093
882.882883 0.62176934881003199
886.386386 0.6237804054047198
889.889890 0.62528097657356829
893.393393 0.62600616283846533
896.896897 0.62582440092564418
900.400400 0.6247615095818313
903.903904 0.62299670775530791
907.407407 0.62083149580119379
910.910911 0.61863739166381082
914.414414 0.61679208758483128
917.917918 0.6156150822959533
921.421421 0.6153133533452968
924.924925 0.61594567134132305
928.428428 0.61741125872603553
931.931932 0.61946499133203703
935.435435 0.62175740065946206
938.938939 0.62389361751146888
942.442442 0.62550168602143763
945.945946 0.6262982686070141
949.449449 0.6261395546264249
952.952953 0.62504761151169441
956.456456 0.62320711260240813
959.959960 0.6209332070093162
963.463463 0.61861676989630576
966.966967 0.61665711486641361
970.470470 0.61539385368882993
973.973974 0.61504907743564807
977.477477 0.61568897848774851
980.980981 0.61721102566114949
984.484484 0.61935918279320856
987.987988 0.62176555621167673
991.491491 0.62401248896253825
994.994995 0.6257050845054698
998.498498 0.62654142195242468
1002.002002 0.62636734360332869
1005.505506 0.62520518819980619
1009.009009 0.623250857166048
1012.512513 0.62083990507205056
1016.016016 0.61838928316131736
1019.519520 0.61632551788710099
1023.023023 0.61501180620382501
1026.526527 0.61468592651553344
1030.030030 0.61541867279931328
1033.533534 0.61709939124946489
1037.037037 0.61945147355697128
1040.540541 0.6220763981207692
1044.044044 0.62452025010004153
1047.547548 0.62635218276201965
1051.051051 0.62724109851868504
1054.554555 0.62701614320645283
1058.058058 0.62569912723975574
1061.561562 0.62350240759162601
1065.065065 0.62079273619224462
1068.568569 0.61802821208482717
1072.072072 0.61568011328392225
1075.575576 0.61415324138419303
1079.079079 0.61371770049582708
1082.582583 0.61446258066232284
1086.086086 0.61627865160535078
1089.589590 0.61887329118959589
1093.093093 0.62181646727314077
1096.596597 0.6246116803484788
1100.100100 0.62678088373741547
1103.603604 0.62794869419102239
1107.107107 0.6279101013637306
1110.610611 0.62666830465670231
1114.114114 0.62443505465628624
1117.617618 0.62159352769412102
1121.121121 0.61863119164205149
1124.624625 0.61605540672181724
1128.128128 0.61430668898829976
1131.631632 0.61368385571963913
1135.135135 0.61429262241000315
1138.638639 0.61602559317783789
1142.142142 0.61857742228731116
1145.645646 0.62149415729284063
1149.149149 0.62425033987315237
1152.652653 0.62634188043279915
1156.156156 0.62737838173423732
1159.659660 0.62715716313105918
1163.163163 0.62570388772171692
1166.666667 0.62327123897070691
1170.170170 0.62029584716777675
1173.673674 0.61732208579209058
1177.177177 0.61490716519318356
1180.680681 0.61352409949343067
1184.184184 0.61347804640427084
1187.687688 0.61484855025021634
1191.191191 0.61746658061446391
1194.694695 0.62093132386247529
1198.198198 0.62466698359446637
1201.701702 0.62801382960949248
1205.205205 0.63034073826169557
1208.708709 0.63116015406020154
1212.212212 0.63022326449137978
1215.715716 0.62757527453377848
1219.219219 0.62355831690396446
1222.722723 0.6187608148020598
1226.226226 0.61392353469404171
1229.729730 0.60982063525060215
1233.233233 0.60713683319446898
1236.736737 0.60635976652574586
1240.240240 0.60770187627333161
1243.743744 0.61106105853732195
1247.247247 0.6160251989205825
1250.750751 0.62192203999671425
1254.254254 0.6279112150085
1257.757758 0.63310874717176824
1261.261261 0.63672660014101734
1264.764765 0.63820353001685304
1268.268268 0.63730175296377289
1271.771772 0.63414886915572644
1275.275275 0.62921558585130066
1278.778779 0.62323391922238025
1282.282282 0.6170732486596977
1285.785786 0.61159905935378667
1289.289289 0.60753995222529511
1292.792793 0.60538368672940845
1296.296296 0.60531544704051854
1299.799800 0.60720393485798996
1303.303303 0.61063468410831445
1306.806807 0.61498497685165232
1310.310310 0.61953000598873775
1313.813814 0.62356508601478422
1317.317317 0.6265246099153764
1320.820821 0.62807689673233491
1324.324324 0.62817673002103069
1327.827828 0.62706458749161087
1331.331331 0.62521185460371853
1334.834835 0.62322201384887421
1338.338338 0.62170619266377625
1341.841842 0.62115588866899152
1345.345345 0.62183593719795582
1348.848849 0.62371753561255439
1352.352352 0.62646518635635018
1355.855856 0.62948319795565355
1359.359359 0.63201722931034987
1362.862863 0.63329528313213657
1366.366366 0.63268276004711199
1369.869870 0.62982075363187084
1373.373373 0.62471835228295547
1376.876877 0.61777895827032059
1380.380380 0.60975530920145904
1383.883884 0.60164348441220117
1387.387387 0.59453782473593919
1390.890891 0.58947339403887078
1394.394394 0.58728052947101561
1397.897898 0.58847001952852884
1401.401401 0.59316111033288565
1404.904905 0.60105998427384433
1408.408408 0.61149312511364062
1411.911912 0.62349580103595459
1415.415415 0.63594873912894034
1418.918919 0.64774615568853455
1422.422422 0.65796860226619169
1425.925926 0.66602880290309219
1429.429429 0.67176073081268861
1432.932933 0.67543136354937872
1436.436436 0.67766757435167191
1439.939940 0.67930332742734778
1443.443443 0.68116258900378457
1446.946947 0.68380231155437221
1450.450450 0.68725055016473224
1453.953954 0.69078852321013395
1457.457457 0.69283831121415107
1460.960961 0.69102034614621877
1464.464464 0.68242575869438937
1467.967968 0.66410253692303245
1471.471471 0.63368797690675349
1474.974975 0.59005335169001705
1478.478478 0.53378799818530986
1481.981982 0.4673627849542652
1485.485485 0.39488402034796155
1488.988989 0.3214615849211952
1492.492492 0.2523327269096729
1495.995996 0.19196236674645598
1499.499499 0.14335027171750644
1503.003003 0.10770927794110845
1506.506507 0.084560494096211788
1510.010010 0.072164957128510884
1513.513514 0.068122372044514753
1517.017017 0.069945315810423112
1520.520521 0.07546263613538999
1524.024024 0.082993322758776342
1527.527528 0.091322850644061301
1531.031031 0.099572882830413892
1534.534535 0.10706542179461877
1538.038038 0.11324992266600914
1541.541542 0.11770921917356229
1545.045045 0.12021424999717341
1548.548549 0.12077705282426164
1552.052052 0.11965980838858248
1555.555556 0.11732465773022374
1559.059059 0.11433811744308427
1562.562563 0.11126139728129723
1566.066066 0.10855854193703354
1569.569570 0.1065418967951367
1573.073073 0.10535782069552364
1576.576577 0.10500320852815968
1580.080080 0.10535912436525345
1583.583584 0.10623039020626455
1587.087087 0.10738506780280897
1590.590591 0.10859140714913998
1594.094094 0.10965047589334079
1597.597598 0.11042144165453205
1601.101101 0.11083564956337334
1604.604605 0.11089683553384272
1608.108108 0.11066795051604393
1611.611612 0.11024862580385138
1615.115115 0.10974950162646339
1618.618619 0.10926956200109242
1622.122122 0.10888063840930697
1625.625626 0.10862056410584121
1629.129129 0.10849425737990924
1632.632633 0.10848080483476973
1636.136136 0.10854420874219323
1639.639640 0.10864537213065949
1643.143143 0.10875285292284415
1646.646647 0.10885006203956794
1650.150150 0.10893723959367754
1653.653654 0.10902784434654736
1657.157157 0.10914062294046185
1660.660661 0.10928995523052891
1664.164164 0.10947752750773414
1667.667668 0.10968780891843785
1671.171171 0.10988853250996732
1674.674675 0.11003599564690918
1678.178178 0.110083961295417
1681.681682 0.10999438489571731
1685.185185 0.1097479515677518
1688.688689 0.10935230434200077
1692.192192 0.10884590206376218
1695.695696 0.10829589753819015
1699.199199 0.10778947661889587
1702.702703 0.10741965050407187
1706.206206 0.1072680736369281
1709.709710 0.10738843660587907
1713.213213 0.10779394276321505
1716.716717 0.10845138648352358
1720.220220 0.10928290887647715
1723.723724 0.11017519985215632
1727.227227 0.11099502899182517
1730.730731 0.1116093669914392
1734.234234 0.11190763930425901
1737.737738 0.11182269095778496
1741.241241 0.11134620641869437
1744.744745 0.11053437994158641
1748.248248 0.109501199384216
1751.751752 0.10839971201983757
1755.255255 0.1073951010863254
1758.758759 0.10663583414589564
1762.262262 0.10622939381382096
1765.765766 0.10622707640869487
1769.269269 0.10661914758935664
1772.772773 0.10733894794651958
1776.276276 0.10827355673752752
1779.779780 0.10927932748042002
1783.283283 0.11020178188776528
1786.786787 0.11089943024161339
1790.290290 0.11126934845648105
1793.793794 0.11126956045755722
1797.297297 0.11093139249955773
1800.800801 0.1103558791842561
1804.304304 0.10969250818593904
1807.807808 0.10910461640148988
1811.311311 0.10873079892679939
1814.814815 0.10865321325582365
1818.318318 0.10888087505030797
1821.821822 0.10935044685744348
1825.325325 0.10994151153408091
1828.828829 0.11050044249151877
1832.332332 0.11086742540944797
1835.835836 0.11090351071801614
1839.339339 0.11051634561579352
1842.842843 0.10968280874421901
1846.346346 0.10846453428402412
1849.849850 0.10701045436421565
1853.353353 0.10554142954620618
1856.856857 0.10431655131695933
1860.360360 0.10358706878608072
1863.863864 0.103548777735856
1867.367367 0.10430428529872593
1870.870871 0.10584247746939647
1874.374374 0.10803629731495491
1877.877878 0.11065539875983182
1881.381381 0.11338982945396789
1884.884885 0.1158838402261709
1888.388388 0.11778154197764905
1891.891892 0.11878442932978406
1895.395395 0.11871366263645039
1898.898899 0.11756086492370652
1902.402402 0.11550653631080655
1905.905906 0.11289055579715553
1909.409409 0.11013501776412891
1912.912913 0.10763957199505002
1916.416416 0.10568326526514778
1919.919920 0.10436617301030862
1923.423423 0.10360771257518471
1926.926927 0.10319422970804287
1930.430430 0.10284916563887352
1933.933934 0.10229544428553768
1937.437437 0.10129322237932054
1940.940941 0.099657738952967145
1944.444444 0.097277108726452982
1947.947948 0.094147705729373352
1951.451451 0.090425949984027254
1954.954955 0.086472892137141225
1958.458458 0.082859934019752182
1961.961962 0.080321092029668126
1965.465465 0.0796736912527405
1968.968969 0.081763257804917028
1972.472472 0.08749262829846112
1975.975976 0.097955037788910376
1979.479479 0.11461662369707198
1982.982983 0.13942129848835047
1986.486486 0.17466616647372707
1989.989990 0.22254964701618637
1993.493493 0.28442224553507789
1996.996997 0.35992551380290033
2000.500501 0.44631774420634546
2004.004004 0.53829257835739941
2007.507508 0.62847636852234157
2011.011011 0.70857540078795433
2014.514515 0.77091459923355177
2018.018018 0.80995749161675246
2021.521522 0.82338696732855865
2025.025025 0.81246371635346926
2028.528529 0.78160919074496615
2032.032032 0.73739137217441109
2035.535536 0.6872382629996302
2039.039039 0.63822143890266148
2042.542543 0.59615353806876836
2046.046046 0.56508849254774773
2049.549550 0.54717490844535799
2053.053053 0.54274338216936147
2056.556557 0.55051761698633284
2060.060060 0.56789676825455015
2063.563564 0.59131387801618351
2067.067067 0.61669377101099521
2070.570571 0.64000393347582651
2074.074074 0.65783515717871544
2077.577578 0.66790221474689881
2081.081081 0.66934908634164492
2084.584585 0.66278577905952074
2088.088088 0.65005654410851954
2091.591592 0.63381020686194756
2095.095095 0.61698396185264881
2098.598599 0.60231140457677024
2102.102102 0.5919331803739758
2105.605606 0.5871459360645026
2109.109109 0.58829247581937438
2112.612613 0.59478164734398586
2116.116116 0.60522531806476065
2119.619620 0.61767936525284284
2123.123123 0.62996604957237623
2126.626627 0.64003622181842101
2130.130130 0.64631092255186628
2133.633634 0.647935773841954
2137.137137 0.64489579881153458
2140.640641 0.63797048227715447
2144.144144 0.6285474898876825
2147.647648 0.61834415789985453
2151.151151 0.60909892546384037
2154.654655 0.602289451849504
2158.158158 0.59891722751504894
2161.661662 0.59937973628129237
2165.165165 0.60343728896234794
2168.668669 0.61027322203413914
2172.172172 0.61863935231026612
2175.675676 0.62706913974101264
2179.179179 0.6341283086065822
2182.682683 0.63866085542568762
2186.186186 0.63998396235298638
2189.689690 0.63799302329391094
2193.193193 0.63315730450376839
2196.696697 0.6264117851837232
2200.200200 0.61897296827378356
2203.703704 0.61211908756550015
2207.207207 0.60697605101220853
2210.710711 0.60434247876626424
2214.214214 0.60457563705984574
2217.717718 0.60754937594744851
2221.221221 0.61268675908725745
2224.724725 0.6190625409124132
2228.228228 0.62556198865255219
2231.731732 0.63107255553684016
2235.235235 0.63467613883470275
2238.738739 0.63580622714818325
2242.242242 0.63433930741146893
2245.745746 0.63060340888899413
2249.249249 0.62530488620446778
2252.752753 0.61939172388669994
2256.256256 0.61388271727092047
2259.759760 0.60969470702846706
2263.263263 0.60749587710627739
2266.766767 0.60760526486407573
2270.270270 0.60995021734764399
2273.773774 0.61408594745363532
2277.277277 0.61927415199200508
2280.780781 0.62460985116942591
2284.284284 0.62917725272342329
2287.787788 0.63220838153589565
2291.291291 0.63321538157816437
2294.794795 0.63207109678432272
2298.298298 0.6290228336806255
2301.801802 0.62463847508048276
2305.305305 0.61969808369398449
2308.808809 0.61505383789230927
2312.312312 0.61148460546328398
2315.815816 0.6095692240758529
2319.319319 0.60959683271487453
2322.822823 0.61152573278442468
2326.326326 0.61499550539656467
2329.829830 0.61939044666963206
2333.333333 0.62394532550786208
2336.836837 0.62787722338910412
2340.340340 0.63052124354066708
2343.843844 0.63144542737200238
2347.347347 0.63052308062754292
2350.850851 0.62794899222447387
2354.354354 0.62419773668523337
2357.857858 0.61993403860850838
2361.361361 0.6158937986335733
2364.864865 0.61275804248215704
2368.368368 0.61104091863005128
2371.871872 0.61100850362719428
2375.375375 0.61263940720410759
2378.878879 0.61563212000039369
2382.382382 0.61945789788599148
2385.885886 0.62345153988168611
2389.389389 0.62692597935548822
2392.892893 0.62929138758856717
2396.396396 0.63015729985012103
2399.899900 0.62939857262579813
2403.403403 0.62717288336814647
2406.906907 0.6238874128623153
2410.410410 0.62012257000358628
2413.913914 0.61652838871955673
2417.417417 0.61371291400289474
2420.920921 0.61214144191918951
2424.424424 0.61206203839115025
2427.927928 0.61346780841761606
2431.431431 0.61610092034756891
2434.934935 0.61949770177827279
2438.438438 0.62306820079487035
2441.941942 0.6261977825238495
2445.445445 0.62835365684464461
2448.948949 0.62917722732730241
2452.452452 0.62854503815916141
2455.955956 0.62658699870568457
2459.459459 0.62365918953755761
2462.962963 0.62027759749910272
2466.466466 0.61702621942956037
2469.969970 0.61445661546086505
2473.473473 0.61299599354257306
2476.976977 0.61287813378608891
2480.480480 0.61410713318800025
2483.983984 0.61645896778164577
2487.487487 0.61952058256516274
2490.990991 0.62276072545273942
2494.494494 0.62562139913185244
2497.997998 0.62761454348083989
2501.501502 0.62840668771526464
2505.005005 0.62787588294029184
2508.508509 0.6261303703484502
2512.012012 0.62348606927028682
2515.515516 0.62040810115055567
2519.019019 0.61742810897411882
2522.522523 0.61505269918665395
2526.026026 0.61367864913870618
2529.529530 0.61352825075552142
2533.033033 0.61461432778962299
2536.536537 0.61673988581697148
2540.040040 0.61953241505223156
2543.543544 0.62250773279621119
2547.047047 0.62515329687921672
2550.550551 0.62701698130252426
2554.054054 0.62778552911030905
2557.557558 0.62733821841715975
2561.061061 0.62576582719392704
2564.564565 0.62335182851130611
2568.068068 0.62052015395887217
2571.571572 0.61775995583027599
2575.075075 0.61554128393967211
2578.578579 0.6142361376536517
2582.082082 0.61405747010697442
2585.585586 0.61502528929295253
2589.089089 0.6169647659370614
2592.592593 0.61953662049668801
2596.096096 0.62229523487466354
2599.599600 0.62476529585046603
2603.103103 0.62652409223349448
2606.606607 0.62727488392040165
2610.110110 0.62689787662991425
2613.613614 0.62546940651070271
2617.117117 0.62324615396460281
2620.620621 0.62061802208419015
2624.124124 0.61803903309731933
2627.627628 0.61594899982244944
2631.131131 0.61469944580256786
2634.634635 0.61449567431690755
2638.138138 0.61536378590881402
2641.641642 0.61714750326932344
2645.145145 0.61953528734485697
2648.648649 0.62211366435668225
2652.152152 0.62443830817849788
2655.655656 0.62611094371168652
2659.159159 0.62684848699223794
2662.662663 0.62653178107609453
2666.166166 0.62522496267557548
2669.669670 0.62316219110321391
2673.173173 0.62070479946132906
2676.676677 0.61827733072564883
2680.180180 0.61629424811564515
2683.683684 0.61508995920454046
2687.187187 0.61486347297512978
2690.690691 0.61564618742913413
2694.194194 0.61729761859827748
2697.697698 0.61952973662985278
2701.201201 0.62195623705739855
2704.704705 0.62415892154014452
2708.208208 0.6257600522836797
2711.711712 0.62648793434686278
2715.215215 0.62622377585743727
2718.718719 0.62502122153462447
2722.222222 0.62309521840556359
2725.725726 0.6207827922816862
2729.229229 0.6184834487583305
2732.732733 0.61659016904651642
2736.236236 0.61542292754233441
2739.739740 0.61517554864351742
2743.243243 0.61588413664833308
2746.746747 0.61742184717139226
2750.250250 0.61952082539601705
2753.753754 0.62181799575164787
2757.257257 0.62391742164218855
2760.760761 0.62545878314380488
2764.264264 0.62617993952023177
2767.767768 0.62596221076018366
2771.271271 0.62485007657082781
2774.774775 0.62304188817571848
2778.278278 0.62085376155010552
2781.781782 0.618663727346634
2785.285285 0.6168464064895729
2788.788789 0.61570952445619043
2792.292292 0.61544264647050984
2795.795796 0.61608613754443653
2799.299299 0.61752508020149632
2802.802803 0.61950911806736919
2806.306306 0.62169522464262017
2809.809810 0.62370659112832427
2813.313313 0.62519777229364781
2816.816817 0.6259146684456055
2820.320320 0.62573847534232763
2823.823824 0.62470555590710386
2827.327327 0.62299977074769664
2830.830831 0.62091908147057817
2834.334334 0.61882295104948426
2837.837838 0.61707020392350176
2841.341341 0.61595812621999546
2844.844845 0.61567280930276291
2848.348348 0.6162585407122575
2851.851852 0.61761094711059117
2855.355355 0.61949498743713893
2858.858859 0.62158507631059723
2862.362362 0.62352095012834419
2865.865866 0.62496993002454371
2869.369369 0.62568468782665509
2872.872873 0.62554607315893862
2876.376376 0.62458317084257675
2879.879880 0.62296706976342009
2883.383383 0.62097984601515599
2886.886887 0.61896480410296828
2890.390390 0.61726711046591176
2893.893894 0.61617513496985632
2897.397397 0.6158721727376526
2900.900901 0.61640617726520186
2904.404404 0.61768218879702919
2907.907908 0.61947867631467091
2911.411411 0.62148532589151517
2914.914915 0.62335625938916073
2918.418418 0.62476978977566811
2921.921922 0.62548427813592589
2925.425425 0.62538001713549907
2928.928929 0.62447949104258693
2932.432432 0.6229424382580202
2935.935936 0.62103694256911057
2939.439439 0.61909217405247596
2942.942943 0.61744145018330188
2946.446446 0.61636552548868284
2949.949950 0.6160454930054089
2953.453453 0.6165327793544263
2956.956957 0.61774090437646589
2960.460460 0.61946033625105046
2963.963964 0.62139420430687442
2967.467467 0.62320918551842663
2970.970971 0.62459307005661613
2974.474474 0.62530897160483212
2977.977978 0.62523642314837014
2981.481481 0.62439185948914788
2984.984985 0.6229248564325659
2988.488488 0.62109110406324752
2991.991992 0.61920735981118447
2995.495495 0.61759664260109859
2998.998999 0.61653321827256991
3002.502503 0.6161965069372356
3006.006006 0.61664126661460794
3009.509510 0.61778871861764184
3013.013013 0.61944005241949218
3016.516517 0.62131028220313123
3020.020020 0.62307706962746934
3023.523524 0.62443637216616699
3027.027027 0.62515523363207304
3030.530531 0.62511222996668514
3034.034034 0.62431819645232767
3037.537538 0.62291354844080671
3041.041041 0.62114294669907588
3044.544545 0.61931221764536903
3048.048048 0.61773542680424309
3051.551552 0.61668134007424213
3055.055055 0.61632818316030502
3058.558559 0.61673394578239016
3062.062062 0.61782689813558467
3065.565566 0.61941785985845577
3069.069069 0.62123238734210451
3072.572573 0.62295776383992574
3076.076076 0.62429696698162951
3079.579580 0.6250202382758121
3083.083083 0.62500500210128951
3086.586587 0.62425686182770468
3090.090090 0.62290792459984545
3093.593594 0.62119299782804704
3097.097097 0.61940826577425012
3100.600601 0.61786002138197993
3104.104104 0.61681240957606531
3107.607608 0.61644290090089915
3111.111111 0.61681265252970696
3114.614615 0.61785643353248698
3118.118118 0.61939375412651576
3121.621622 0.6211595445695216
3125.125125 0.62284951345209794
3128.628629 0.62417264165094
3132.132132 0.62490170704460091
3135.635636 0.62491278845624887
3139.139139 0.6242065567520616
3142.642643 0.62290754064319365
3146.146146 0.62124171701279651
3149.649650 0.61949676076788829
3153.153153 0.61797224069584344
3156.656657 0.61692847207927681
3160.160160 0.61654257946908619
3163.663664 0.61687885391932884
3167.167167 0.6178780983515656
3170.670671 0.61936769822378357
3174.174174 0.62109093133281779
3177.677678 0.62275087046743649
3181.181181 0.62406158745632945
3184.684685 0.62479779121442147
3188.188188 0.62483401936794236
3191.691692 0.62416625223366373
3195.195195 0.62291206864831994
3198.698699 0.62128951226794693
3202.202202 0.61957875431239384
3205.705706 0.61807358077444019
3209.209209 0.61703119873600099
3212.712713 0.6166287734374073
3216.216216 0.61693372347410569
3219.719720 0.61789249193561635
3223.223223 0.61933962700487333
3226.726727 0.62102584417745843
3230.230230 0.62266062919455434
3233.733734 0.62396231661611701
3237.237237 0.62470698474174036
3240.740741 0.62476743062944584
3244.244244 0.62413513675723586
3247.747748 0.62292127611259107
3251.251251 0.62133675278493283
3254.754755 0.61965513596312305
3258.258258 0.61816528356787437
3261.761762 0.61712196051708335
3265.265265 0.61670274336239861
3268.768769 0.61697819670977438
3272.272272 0.61790007080088905
3275.775776 0.61930944981825886
3279.279279 0.62096367313283518
3282.782783 0.62257777770196199
3286.286286 0.62387359991147651
3289.789790 0.62462805923585274
3293.293293 0.62471200702012553
3296.796797 0.62411257765825268
3300.300300 0.62293501100636017
3303.803804 0.62138377920241461
3307.307307 0.61972666582022684
3310.810811 0.61824838554530182
3314.314314 0.6172018838243184
3317.817818 0.61676550865862301
3321.321321 0.61701301232346017
3324.824825 0.61790117146775547
3328.328328 0.61927705164425284
3331.831832 0.62090388164402899
3335.335335 0.62250146067099665
3338.838839 0.6237944194116134
3342.342342 0.62456001502725
3345.845846 0.62466694016757895
3349.349349 0.62409809272780525
3352.852853 0.62295319142242933
3356.356356 0.62143091233200798
3359.859860 0.61979400006823426
3363.363363 0.61832375502481796
3366.866867 0.61727189278665073
3370.370370 0.61681788744494115
3373.873874 0.61703874283841487
3377.377377 0.61789602692832035
3380.880881 0.6192422929802075
3384.384384 0.62084599038818011
3387.887888 0.62243095041623364
3391.391391 0.62372393208774168
3394.894895 0.62450204387368746
3398.398398 0.6246315967737518
3401.901902 0.62409132919140509
3405.405405 0.62297579848274065
3408.908909 0.62147846065398316
3412.412412 0.61985771121001965
3415.915916 0.61839212120948817
3419.419419 0.61733274182571807
3422.922923 0.61686052696245608
3426.426426 0.61705581775364382
3429.929930 0.61788477880450254
3433.433433 0.61920500927236677
3436.936937 0.6207895644790421
3440.440440 0.62236562445086641
3443.943944 0.62366144190650208
3447.447447 0.62445350054680071
3450.950951 0.62460549455602543
3454.454454 0.6240920479130595
3457.957958 0.62300287112194952
3461.461461 0.62152672608045689
3464.964965 0.61991830331979669
3468.468468 0.61845409589662059
3471.971972 0.61738503982884174
3475.475475 0.61689392597322801
3478.978979 0.61706454040890679
3482.482482 0.61786748601927854
3485.985986 0.61916501025297688
3489.489489 0.62073420400004786
3492.992993 0.62230494927050584
3496.496496 0.6236063800272531
3500.000000 0.62441388310503798
