0.000000 0.62911563305871865
3.503504 0.62866504176646998
7.007007 0.62763904555608929
10.510511 0.62621534613061913
14.014014 0.62463956611572724
17.517518 0.62318267138497774
21.021021 0.62209450818704748
24.524525 0.62156134072322122
28.028028 0.62167435686437578
31.531532 0.62241421354661364
35.035035 0.62365414969463984
38.538539 0.62518129789612398
42.042042 0.6267328786821672
45.545546 0.62804135006975348
49.049049 0.62888079396669949
52.552553 0.62910632471223837
56.056056 0.62867937703737131
59.559560 0.62767427243110196
63.063063 0.62626496370633222
66.566567 0.62469453101597783
70.070070 0.6232330429845101
73.573574 0.62213123219648681
77.077077 0.62157785775132313
80.580581 0.62166776058425999
84.084084 0.62238576145429647
87.587588 0.62360903640144882
91.091091 0.62512772398215011
94.594595 0.6266805718254248
98.098098 0.62799979919077176
101.601602 0.62885751883468155
105.105105 0.62910550459216175
108.608609 0.6287010968416783
112.112112 0.62771452515616399
115.615616 0.62631640069641348
119.119119 0.62474781062863882
122.622623 0.62327852313957066
126.126126 0.62216070026285952
129.629630 0.62158599506607815
133.133133 0.6216530909143676
136.636637 0.62235092080349597
140.140140 0.62356031324628058
143.643644 0.62507394140224815
147.147147 0.62663150024018821
150.650651 0.62796438041439606
154.154154 0.62884222745230334
157.657658 0.62911315557504355
161.161161 0.62873032685780639
164.664665 0.62776004463691537
168.168168 0.62636996397221167
171.671672 0.62479971662031053
175.175175 0.62331936703558533
178.678679 0.62218306130774548
182.182182 0.62158576637853291
185.685686 0.62163022373734012
189.189189 0.62230945404717086
192.692693 0.62350767634371607
196.196196 0.62501964100051455
199.699700 0.62658541288771874
203.203203 0.62793495406293276
206.706707 0.62883492379395467
210.210210 0.62912942973228392
213.713714 0.62876734238167831
217.217217 0.62781117951295284
220.720721 0.62642600984416452
224.224224 0.62485054377563976
227.727728 0.62335574816532513
231.231231 0.62219832847794942
234.734735 0.6215770138111063
238.238238 0.62159885060356213
241.741742 0.62226095106587442
245.245245 0.62345068342624466
248.748749 0.62496442664663854
252.252252 0.62654203285201548
255.755756 0.62791141670239969
259.259259 0.62883570277481737
262.762763 0.62915461042944865
266.266266 0.6288125716496924
269.769770 0.62786843305186413
273.273273 0.62648503282438983
276.776777 0.62490069492194111
280.280280 0.62338791011985017
283.783784 0.6222065456306729
287.287287 0.62155957495501979
290.790791 0.6215586313533692
294.294294 0.62220495260681674
297.797798 0.62338883479508722
301.301301 0.62490784301497193
304.804805 0.62650102499877547
308.308308 0.62789360642627723
311.811812 0.62884459628296652
315.315315 0.62918890789570658
318.818819 0.62886635518357392
322.322322 0.62793220518551307
325.825826 0.62654741264348401
329.329329 0.62495045684446848
332.832833 0.62341599491281086
336.336336 0.62220768901042633
339.839840 0.62153327415601978
343.343343 0.62150928464602306
346.846847 0.622141141462904
350.350350 0.62332185721246902
353.853854 0.6248497344768974
357.357357 0.62646240283791288
360.860861 0.62788172286410204
364.364364 0.62886196635728975
367.867868 0.62923278407335659
371.371371 0.62892916357646467
374.874875 0.6280028716871412
378.378378 0.6266133344521656
381.881882 0.62499975534880081
385.385385 0.62343964262585827
388.888889 0.62220113725325832
392.392392 0.62149730335886311
395.895896 0.6214499320807626
399.399399 0.62206871027126942
402.902903 0.62324915870873188
406.406406 0.62478984736242338
409.909910 0.62642632960015532
413.413413 0.62787636333604047
416.916917 0.62888879248649543
420.420420 0.62928748351115238
423.923924 0.629002339707187
427.427427 0.62808168224974681
430.930931 0.62668376824189143
434.434434 0.62504912868024254
437.937938 0.6234588663150662
441.441441 0.62218635836637692
444.944945 0.62145064300482056
448.448448 0.62137919360670379
451.951952 0.62198609716754893
455.455455 0.62316920023544886
458.958959 0.62472686631684382
462.462462 0.62639188139564872
465.965966 0.62787710575928202
469.469469 0.6289251922188942
472.972973 0.62935362561329655
476.476476 0.62908690094361364
479.979980 0.62816990227943326
483.483483 0.6267600580886461
486.986987 0.62509983861697871
490.490490 0.62347471680835775
493.993994 0.62216411184300646
497.497497 0.62139373489371086
501.001001 0.62129721629910017
504.504505 0.62189321319074042
508.008008 0.6230817317074524
511.511512 0.62466044996163683
515.015015 0.62635867176054949
518.518519 0.62788352968068251
522.022022 0.62897068571025883
525.525526 0.62943061888395779
529.029029 0.62918208399520781
532.532533 0.6282665528925393
536.036036 0.62684100597502113
539.539540 0.62515052261512116
543.043043 0.62348578709159996
546.546547 0.622133125834751
550.050050 0.62132566219358887
553.553554 0.62120366734505339
557.057057 0.62179050861488183
560.560561 0.62298811385967023
564.064064 0.62459288750791697
567.567568 0.62632980101875901
571.071071 0.62789928649860383
574.574575 0.62902908897354493
578.078078 0.62952197166191726
581.581582 0.62929059207930571
585.085085 0.62837308137619219
588.588589 0.62692647018244496
592.092092 0.62519929298596977
595.595596 0.62348849871761725
599.099099 0.62208840673570043
602.602603 0.62124049131550307
606.106106 0.62109230058193821
609.609610 0.62167213562628276
613.113113 0.62288360870292836
616.616617 0.62452117455918243
620.120120 0.6263044514967413
623.623624 0.62792596177303017
627.127127 0.62910433256617049
630.630631 0.629633623969726
634.134134 0.62941979703522433
637.637638 0.62849753989133528
641.141141 0.62702434842754851
644.644645 0.62525307337867331
648.148148 0.62348808829093438
651.651652 0.62203297048449591
655.155155 0.62113871004972476
658.658659 0.62096101306306517
662.162162 0.62153357554372735
665.665666 0.62276166562516255
669.169169 0.62443727676355654
672.672673 0.62627376392960465
676.176176 0.62795458386853997
679.679680 0.62918804421578023
683.183183 0.62975846606493602
686.686687 0.62956442785087652
690.190190 0.62863695683456522
693.693694 0.62713429348780569
697.197197 0.62531431561152673
700.700701 0.62348981882796695
704.204204 0.62197472869957837
707.707708 0.62103052818345339
711.211211 0.62082176238539311
714.714715 0.62138777742610762
718.218218 0.62263527092068782
721.721722 0.62435309781766957
725.225225 0.62624733950100775
728.728729 0.62799123460971251
732.232232 0.62928170935459182
735.735736 0.62989260576851369
739.239239 0.62971488123241692
742.742743 0.62877625206526655
746.246246 0.62723661315653223
749.749750 0.62536019918100783
753.253253 0.62346975352966438
756.756757 0.6218910051718689
760.260260 0.6208970508483409
763.763764 0.62066184020554149
767.267267 0.62123023266707955
770.770771 0.62250946774300919
774.274274 0.62428369027554986
777.777778 0.62624964026198748
781.281281 0.62806807052489966
784.784785 0.62942242568393758
788.288288 0.63007451309837814
791.791792 0.62990696963135062
795.295295 0.62894453461580846
798.798799 0.62735012549343683
802.302302 0.62539655779988501
805.805806 0.62341928151526882
809.309309 0.62175872090917317
812.812813 0.6207021972658241
816.316316 0.62043502643752479
819.819820 0.6210086143904251
823.323323 0.62233068495395649
826.826827 0.6241794986041278
830.330330 0.62624028592486602
833.833834 0.62815842302955283
837.337337 0.62960065429354062
840.840841 0.63031367207226496
844.344344 0.63016930928135517
847.847848 0.62918780583165224
851.351351 0.62753473841802387
854.854855 0.62549229677339679
858.358358 0.62341039561032563
861.861862 0.62164654739006364
865.365365 0.62050493037157139
868.868869 0.62018471256186103
872.372372 0.62074586925316555
875.875876 0.62209796023840058
879.379379 0.62401396169265611
882.882883 0.62616749091204504
886.386386 0.62818789825509158
889.889890 0.62972426879706633
893.393393 0.63050717198548489
896.896897 0.63039680899924677
900.400400 0.62940841669171743
903.903904 0.62771007755618091
907.407407 0.62559345564052915
910.910911 0.62342308842432237
914.414414 0.62157354158473921
917.917918 0.62036536971999523
921.421421 0.62001046817650685
924.924925 0.62057552289399887
928.428428 0.6219694062185287
931.931932 0.6239568854295815
935.435435 0.62619710039924681
938.938939 0.62830118430312643
942.442442 0.62989970005142681
945.945946 0.63070810714443526
949.449449 0.63057814413314972
952.952953 0.62952527067024677
956.456456 0.62772685350892454
959.959960 0.6254915276542512
963.463463 0.6232056514479648
966.966967 0.62126671443473069
970.470470 0.62001529149981749
973.973974 0.61967674232266923
977.477477 0.62032188076390926
980.980981 0.62185288512828718
984.484484 0.62401714811658993
987.987988 0.62644771358622364
991.491491 0.62872461205743957
994.994995 0.63044733876087566
998.498498 0.63130586759556517
1002.002002 0.63113700060300226
1005.505506 0.62995511716506192
1009.009009 0.62795124915520084
1012.512513 0.62546070396964937
1016.016016 0.62290553256535064
1019.519520 0.62072250931021744
1023.023023 0.61928918753240059
1026.526527 0.61886011807580965
1030.030030 0.6195231383841775
1033.533534 0.62118248972014733
1037.037037 0.62357181834963626
1040.540541 0.62629595565887564
1044.044044 0.62889584528767173
1047.547548 0.63092657417154507
1051.051051 0.63203515920647668
1054.554555 0.63202373440808424
1058.058058 0.63088587104891214
1061.561562 0.62880881051087101
1065.065065 0.62614121111066656
1068.568569 0.62333278252780244
1072.072072 0.6208571840420497
1075.575576 0.61913184078174111
1079.079079 0.61844792493107403
1082.582583 0.61892139755670672
1086.086086 0.62047257627015395
1089.589590 0.62283770532781291
1093.093093 0.62561157384148958
1096.596597 0.62831540981956813
1100.100100 0.63047952389354878
1103.603604 0.63172651615795683
1107.107107 0.63183959985675997
1110.610611 0.63080266383290207
1114.114114 0.6288040169060547
1117.617618 0.62620308267815816
1121.121121 0.62346665499390752
1124.624625 0.62108678468706979
1128.128128 0.61949489783422074
1131.631632 0.61898640785081405
1135.135135 0.61966771266456944
1138.638639 0.62143399003526634
1142.142142 0.62398209401929272
1145.645646 0.6268580927707782
1149.149149 0.62953351243967992
1152.652653 0.63149866067024951
1156.156156 0.63235679476474116
1159.659660 0.63190109170049158
1163.163163 0.63015864237832098
1166.666667 0.62739201776144216
1170.170170 0.62405777901108139
1173.673674 0.62073007126627489
1177.177177 0.61800371120359177
1180.680681 0.61639368002593675
1184.184184 0.6162469533758107
1187.687688 0.61767950747911171
1191.191191 0.62054757393209159
1194.694695 0.62445839336321229
1198.198198 0.62882146487356316
1201.701702 0.63293587464367485
1205.205205 0.63610264781539927
1208.708709 0.63774446362733694
1212.212212 0.63751086093677367
1215.715716 0.63534758359495891
1219.219219 0.63151492446503177
1222.722723 0.62655057037131079
1226.226226 0.62118438193549497
1229.729730 0.61622206717024353
1233.233233 0.61241924611136067
1236.736737 0.61036655277480767
1240.240240 0.61040183510217183
1243.743744 0.61255972301777339
1247.247247 0.61656374001843373
1250.750751 0.62186209463163256
1254.254254 0.62770432659644626
1257.757758 0.63325091597776528
1261.261261 0.63770169371570817
1264.764765 0.64042297757395217
1268.268268 0.64105043844027665
1271.771772 0.63954707423297408
1275.275275 0.6362038418989745
1278.778779 0.63158261157015927
1282.282282 0.626413581087227
1285.785786 0.62146837006709821
1289.289289 0.61743336719543052
1292.792793 0.61480542408297556
1296.296296 0.61382545847997894
1299.799800 0.61445747317044097
1303.303303 0.61641294193959562
1306.806807 0.61921435885615372
1310.310310 0.62228696227564428
1313.813814 0.62506399355768594
1317.317317 0.62708852857282416
1320.820821 0.62809465480201876
1324.324324 0.62805333963155008
1327.827828 0.62717391119619836
1331.331331 0.62585983464394435
1334.834835 0.62462581604304035
1338.338338 0.62399044753127075
1341.841842 0.62436332779184311
1345.345345 0.62594726002192302
1348.848849 0.62867465337239015
1352.352352 0.63219269178303539
1355.855856 0.63590429811777149
1359.359359 0.63906190271680641
1362.862863 0.64089990640897054
1366.366366 0.64078197336098308
1369.869870 0.63833391188430955
1373.373373 0.63353425933766239
1376.876877 0.62674319127320721
1380.380380 0.61866390428703455
1383.883884 0.61024514568564736
1387.387387 0.60254478468391859
1390.890891 0.5965795164008415
1394.394394 0.5931848318429862
1397.897898 0.59290437036878729
1401.401401 0.59592151895411383
1404.904905 0.60204050693970823
1408.408408 0.61071937918045649
1411.911912 0.62115199789597697
1415.415415 0.63238970099848901
1418.918919 0.64348595591235369
1422.422422 0.65364138081408929
1425.925926 0.66232432755113302
1429.429429 0.66934500148900722
1432.932933 0.67486780005529057
1436.436436 0.67935464105416066
1439.939940 0.68343944610225094
1443.443443 0.68774088700726321
1446.946947 0.69262967705876821
1450.450450 0.69798095535476601
1453.953954 0.70296111133139094
1457.457457 0.70591522573118315
1460.960961 0.70442465341526161
1464.464464 0.69558272662714371
1467.967968 0.67648615882387741
1471.471471 0.64486969208225431
1474.974975 0.59974431719459076
1478.478478 0.54186354715324425
1481.981982 0.47386011087963736
1485.485485 0.39997132518142747
1488.988989 0.3253860712518209
1492.492492 0.25536188784543462
1495.995996 0.19433482278447989
1499.499499 0.14524808236484904
1503.003003 0.10925512814836259
1506.506507 0.085834123846576002
1510.010010 0.073227383202669222
1513.513514 0.069035887648727007
1517.017017 0.070781530041557031
1520.520521 0.076297478707887723
1524.024024 0.083893828306105089
1527.527528 0.092333287615362636
1531.031031 0.1007067888988083
1534.534535 0.10830649141505967
1538.038038 0.11456054916948512
1541.541542 0.11904273315148022
1545.045045 0.12152640594054413
1548.548549 0.12203375964286817
1552.052052 0.12084033650058025
1555.555556 0.11842136828715585
1559.059059 0.11535445979788479
1562.562563 0.11220955682366103
1566.066066 0.10945726012825731
1569.569570 0.10741428320863758
1573.073073 0.10622879965529282
1576.576577 0.10589654277335404
1580.080080 0.10629440788199752
1583.583584 0.10722065648174091
1587.087087 0.10843556433940246
1590.590591 0.10969972833103542
1594.094094 0.11080784566816444
1597.597598 0.11161469051374948
1601.101101 0.11204939962733858
1604.604605 0.11211552370185539
1608.108108 0.11187746411261247
1611.611612 0.11143742266108926
1615.115115 0.11090914211789782
1618.618619 0.11039464690648934
1622.122122 0.10996825892214203
1625.625626 0.10966950428157184
1629.129129 0.10950427283822137
1632.632633 0.10945226975660864
1636.136136 0.10947827196215225
1639.639640 0.10954455960829163
1643.143143 0.10962189578371122
1646.646647 0.10969668158537062
1650.150150 0.10977267490835851
1653.653654 0.10986699466111084
1657.157157 0.11000172037089337
1660.660661 0.11019366282409235
1664.164164 0.11044532644790599
1667.667668 0.11073958922143348
1671.171171 0.11103949252214429
1674.674675 0.11129325499958541
1678.178178 0.11144357430167474
1681.681682 0.11143954966069483
1685.185185 0.11124904754188031
1688.688689 0.11086898734935625
1692.192192 0.11033099401508836
1695.695696 0.10970042859182236
1699.199199 0.10906811072552156
1702.702703 0.10853585386641629
1706.206206 0.10819863552721644
1709.709710 0.10812713354889485
1713.213213 0.10835412263638344
1716.716717 0.10886705847538508
1720.220220 0.10960772641040398
1723.723724 0.11047874152550333
1727.227227 0.11135616308387702
1730.730731 0.11210718860475091
1734.234234 0.112611258817958
1737.737738 0.11278169192857086
1741.241241 0.11258360882838996
1744.744745 0.11204338048189302
1748.248248 0.11124601389428089
1751.751752 0.11031989305833127
1755.255255 0.10941212075872915
1758.758759 0.10866069477470171
1762.262262 0.10817045851726056
1765.765766 0.1079978672609947
1769.269269 0.10814615677008142
1772.772773 0.10856932671792878
1776.276276 0.10918196844630151
1779.779780 0.10987263110699767
1783.283283 0.11052000257498569
1786.786787 0.11101196407130692
1790.290290 0.11126648532005097
1793.793794 0.11125077685595737
1797.297297 0.11099287480438366
1800.800801 0.11057991291479666
1804.304304 0.11014060337136802
1807.807808 0.10981486576420346
1811.311311 0.10971860206655985
1814.814815 0.10991374184054903
1818.318318 0.11039177513291572
1821.821822 0.11107409500050439
1825.325325 0.11182713566871716
1828.828829 0.11248700439631959
1832.332332 0.11288801488917131
1835.835836 0.11289122185597816
1839.339339 0.1124106489032435
1842.842843 0.11143485179826351
1846.346346 0.11003994406970086
1849.849850 0.10838903659023659
1853.353353 0.10671428070447705
1856.856857 0.10528200247862639
1860.360360 0.10434719307065082
1863.863864 0.10410784281046899
1867.367367 0.10466973265581515
1870.870871 0.10602810494722906
1874.374374 0.10806659881642303
1877.877878 0.11056961286072171
1881.381381 0.11324418155682052
1884.884885 0.11575071748903693
1888.388388 0.11774492959402909
1891.891892 0.11893185368135896
1895.395395 0.11912598710114845
1898.898899 0.11830221422248585
1902.402402 0.11661690698289466
1905.905906 0.11438295347344292
1909.409409 0.11199731782736598
1912.912913 0.10983934951918004
1916.416416 0.10817255979789001
1919.919920 0.10708339054802381
1923.423423 0.1064757911392898
1926.926927 0.10611702871784751
1930.430430 0.10571029910503976
1933.933934 0.10496399444495647
1937.437437 0.10363835064909196
1940.940941 0.10156995249998431
1944.444444 0.09868983200211108
1947.947948 0.095051109054272886
1951.451451 0.090867019250154557
1954.954955 0.086540991431463127
1958.458458 0.082663334947082404
1961.961962 0.079964061811357942
1965.465465 0.07924346453403025
1968.968969 0.081331353598896344
1972.472472 0.087127675904436902
1975.975976 0.097738135838808568
1979.479479 0.11464851576957802
1982.982983 0.13981447491680735
1986.486486 0.17552275068392276
1989.989990 0.22393383412223089
1993.493493 0.28634008744015621
1996.996997 0.36232272582303376
2000.500501 0.44909868048009965
2004.004004 0.54135404204402127
2007.507508 0.63174298994326372
2011.011011 0.7120222609976079
2014.514515 0.77456811590370966
2018.018018 0.81387480048642136
2021.521522 0.82762285479241149
2025.025025 0.81703867368584127
2028.528529 0.78649066301972292
2032.032032 0.74249394202455388
2035.535536 0.69244061970567516
2039.039039 0.64339216587572245
2042.542543 0.60117621395525578
2046.046046 0.56987923441035804
2049.549550 0.55169022578276716
2053.053053 0.54698034712252863
2056.556557 0.55451001118533327
2060.060060 0.57170985006195818
2063.563564 0.59503806430559092
2067.067067 0.62043573926578899
2070.570571 0.64387370558027046
2074.074074 0.66192960613877938
2077.577578 0.6722879433409783
2081.081081 0.67404918253971768
2084.584585 0.66777454305764095
2088.088088 0.65526400937079976
2091.591592 0.63913523775946623
2095.095095 0.62231231879089155
2098.598599 0.60753437259962118
2102.102102 0.59696319472472703
2105.605606 0.59192734288255477
2109.109109 0.59280711797008856
2112.612613 0.59904970497904186
2116.116116 0.60930177967402066
2119.619620 0.62164621868447667
2123.123123 0.63392040864606869
2126.626627 0.64407540454763901
2130.130130 0.65051666728747093
2133.633634 0.65236064605772026
2137.137137 0.64955479260002069
2140.640641 0.64283969596987811
2144.144144 0.63356995116384107
2147.647648 0.62344112008589492
2151.151151 0.61418391232572511
2154.654655 0.60728224686036014
2158.158158 0.60375565950286036
2161.661662 0.60402800522939115
2165.165165 0.60789025992146195
2168.668669 0.61455645295629191
2172.172172 0.6228047980127005
2175.675676 0.63118679902909292
2179.179179 0.63827472179422662
2182.682683 0.64290618377938047
2186.186186 0.64438001621352936
2189.689690 0.64256466357575648
2193.193193 0.63789896765615328
2196.696697 0.63128966393027075
2200.200200 0.62393206209380847
2203.703704 0.61709337998558789
2207.207207 0.61189972608012244
2210.710711 0.60916030306709579
2214.214214 0.60925113576137846
2217.717718 0.61206993097530538
2221.221221 0.6170651184905046
2224.724725 0.62333451456281863
2228.228228 0.62978048034903389
2231.731732 0.63529864280947546
2235.235235 0.63896857612326097
2238.738739 0.64021126841338394
2242.242242 0.63888284713714316
2245.745746 0.63528699570645331
2249.249249 0.63010627703927491
2252.752753 0.62426961817992443
2256.256256 0.6187844827026675
2259.759760 0.61456549867109322
2263.263263 0.61228757134974721
2266.766767 0.61228391985336617
2270.270270 0.6145011340771892
2273.773774 0.61851572677253674
2277.277277 0.62360944106383298
2280.780781 0.62889284227820397
2284.284284 0.63345849524417341
2287.787788 0.63653803045000512
2291.291291 0.63763445090952053
2294.794795 0.63660440618173253
2298.298298 0.63367502210906967
2301.801802 0.62939377262426244
2305.305305 0.62452369948778363
2308.808809 0.61990610544005154
2312.312312 0.61631661375207691
2315.815816 0.61433859022583226
2319.319319 0.61427244219813615
2322.822823 0.61609254370772792
2326.326326 0.61945679137537446
2329.829830 0.62376713765321756
2333.333333 0.62827245426271849
2336.836837 0.63219793141532798
2340.340340 0.6348792902104311
2343.843844 0.63587753648051482
2347.347347 0.63505258338587567
2350.850851 0.63258199207035049
2354.354354 0.62892247204227947
2357.857858 0.62472342323733554
2361.361361 0.62071049088209407
2364.864865 0.61756099736656733
2368.368368 0.6157922576269439
2371.871872 0.6156796347518908
2375.375375 0.61721553584002231
2378.878879 0.62011453254649629
2382.382382 0.62386366590193587
2385.885886 0.62781061716201259
2389.389389 0.63127606817402881
2392.892893 0.63367138595325156
2396.396396 0.63460049073073377
2399.899900 0.63392684101512897
2403.403403 0.63179306684483438
2406.906907 0.62859043520923197
2410.410410 0.62488541016231447
2413.913914 0.62131837856975891
2417.417417 0.61849348138679439
2420.920921 0.61687827196651035
2424.424424 0.61672867737702408
2427.927928 0.61804989812208821
2431.431431 0.62059846297460597
2434.934935 0.62392500189408961
2438.438438 0.62745143317928997
2441.941942 0.63057050405767867
2445.445445 0.63275097397823576
2448.948949 0.63362964772086383
2452.452452 0.63307315812564835
2455.955956 0.63119803545368069
2459.459459 0.62834597906171075
2462.962963 0.62502015638913744
2466.466466 0.62179546533155217
2469.969970 0.61921948421328399
2473.473473 0.61772103472175599
2476.976977 0.61754068625447833
2480.480480 0.61869331364395597
2483.983984 0.62096789349230552
2487.487487 0.62396447827637525
2490.990991 0.62716284686909918
2494.494494 0.63001204602275829
2497.997998 0.6320257953849423
2501.501502 0.63286678681012842
2505.005005 0.63240430921876767
2508.508509 0.63073453925950695
2512.012012 0.62816024533146142
2515.515516 0.62513465639733734
2519.019019 0.62218079613026989
2522.522523 0.61980127154922349
2526.026026 0.61839399614147317
2529.529530 0.61818721605154348
2533.033033 0.61920348362614319
2536.536537 0.62125770606868425
2540.040040 0.62398950243443119
2543.543544 0.62692502050287369
2547.047047 0.62955846169791452
2550.550551 0.63143963803038683
2554.054054 0.63225204715412975
2557.557558 0.63186711953380792
2561.061061 0.63036462949234306
2564.564565 0.62801590541760599
2568.068068 0.62523375826232608
2571.571572 0.62249913641536192
2575.075075 0.62027810178130038
2578.578579 0.61894342135092484
2582.082082 0.6187133331223823
2585.585586 0.61961671892994563
2589.089089 0.62148974639958443
2592.592593 0.62400445170828867
2596.096096 0.62672495793419314
2599.599600 0.62918243267391982
2603.103103 0.6309562173603146
2606.606607 0.63174680072358114
2610.110110 0.63142728594916542
2613.613614 0.63006387859106694
2617.117117 0.62790195038611984
2620.620621 0.62532093315918258
2624.124124 0.62276700395581641
2627.627628 0.62067601228783209
2631.131131 0.61939995557028604
2634.634635 0.61914887285137232
2638.138138 0.61995702911174311
2641.641642 0.62167838756063043
2645.145145 0.62401204093707163
2648.648649 0.62655375705847671
2652.152152 0.62886546257796094
2655.655656 0.63055102238536576
2659.159159 0.63132497075368976
2662.662663 0.6310616670686845
2666.166166 0.62981584751805531
2669.669670 0.62781106644922646
2673.173173 0.62539873697531301
2676.676677 0.62299586662228013
2680.180180 0.62101298440284702
2683.683684 0.61978473102686127
2687.187187 0.61951439211313719
2690.690691 0.62024093222294208
2694.194194 0.62183346743659873
2697.697698 0.6240140184998002
2701.201201 0.62640509617735962
2704.704705 0.62859455786831486
2708.208208 0.63020687578448675
2711.711712 0.63096829967328794
2715.215215 0.6307540762413627
2718.718719 0.62960906831514374
2722.222222 0.62773821670208463
2725.725726 0.62546909879091905
2729.229229 0.62319395233842878
2732.732733 0.62130185324995535
2736.236236 0.6201128069910864
2739.739740 0.61982452449050862
2743.243243 0.62048016625126112
2746.746747 0.62196193986365789
2750.250250 0.62401154301662043
2753.753754 0.62627434948286365
2757.257257 0.62836030871047932
2760.760761 0.62991136967618688
2764.264264 0.63066361488815892
2767.767768 0.63049284954968621
2771.271271 0.62943530146255666
2774.774775 0.62767982960901503
2778.278278 0.62553350740601177
2781.781782 0.6233673289883338
2785.285285 0.62155203608473286
2788.788789 0.62039521203461745
2792.292292 0.62008997260428744
2795.795796 0.62068329868936245
2799.299299 0.6220688516759495
2802.802803 0.62400539788397558
2806.306306 0.62615804484743587
2809.809810 0.62815572419263099
2813.313313 0.62965531140947828
2816.816817 0.63040117140141616
2820.320320 0.63026937144877693
2823.823824 0.62928848077555188
2827.327327 0.62763331214726925
2830.830831 0.62559313558563701
2834.334334 0.62352057742294209
2837.837838 0.62177060479627022
2841.341341 0.62064021043281603
2844.844845 0.62031874346115279
2848.348348 0.62085672398050995
2851.851852 0.62215794617638709
2855.355355 0.62399611878537264
2858.858859 0.62605351796667208
2862.362362 0.62797549619122717
2865.865866 0.62943174277901626
2869.369369 0.63017360610096329
2872.872873 0.63007714466974862
2876.376376 0.62916404876460807
2879.879880 0.62759674587394021
2883.383383 0.62564892503150715
2886.886887 0.62365722652582778
2890.390390 0.62196297640220943
2893.893894 0.62085411680029101
2897.397397 0.62051694288205739
2900.900901 0.62100530446024871
2904.404404 0.62223204959395517
2907.907908 0.62398407223588848
2911.411411 0.62595868418368583
2914.914915 0.62781551791893064
2918.418418 0.62923529958636326
2921.921922 0.62997525518029918
2925.425425 0.62991118333383755
2928.928929 0.62905852366678949
2932.432432 0.62756869070577459
2935.935936 0.62570164591820487
2939.439439 0.62378004341639248
2942.942943 0.62213337180830364
2946.446446 0.62104183678808855
2949.949950 0.6206893025309167
2953.453453 0.62113279514834874
2956.956957 0.62229332629742351
2960.460460 0.62396950540812335
2963.963964 0.62587188349534095
2967.467467 0.62767255962082302
2970.970971 0.6290617809884439
2974.474474 0.6298016954154495
2977.977978 0.6297676053394321
2981.481481 0.62896920917819599
2984.984985 0.62754805457421248
2988.488488 0.62575193955742625
2991.991992 0.62389123236450472
2995.495495 0.62228512900991007
2998.998999 0.62120723579409054
3002.502503 0.62083953905639566
3006.006006 0.62124213287850538
3009.509510 0.62234345183966377
3013.013013 0.62395257850334074
3016.516517 0.62579177254323648
3020.020020 0.62754404445462686
3023.523524 0.62890785244888991
3027.027027 0.62964942800246915
3030.530531 0.6296433516537342
3034.034034 0.6288939949700636
3037.537538 0.62753400469651344
3041.041041 0.62580034960004161
3044.544545 0.62399257440266476
3048.048048 0.6224209220306296
3051.551552 0.62135339635676778
3055.055055 0.62097060458211095
3058.558559 0.62133563767476341
3062.062062 0.62238373298924654
3065.565566 0.62393338620237682
3069.069069 0.62571724766302361
3072.572573 0.62742789014072142
3076.076076 0.62877083630062347
3079.579580 0.62951565587058689
3083.083083 0.6295359888097658
3086.586587 0.62883121666899666
3090.090090 0.62752590592919832
3093.593594 0.62584734529089459
3097.097097 0.62408552735291556
3100.600601 0.62254291710789977
3104.104104 0.6214828014696685
3107.607608 0.62108486488258796
3111.111111 0.62141515572568895
3114.614615 0.62241519252880151
3118.118118 0.62391197200264492
3121.621622 0.62564738891139837
3125.125125 0.62732239486362584
3128.628629 0.62864856124362334
3132.132132 0.6293981239085682
3135.635636 0.62944356744412189
3139.139139 0.62877955590804935
3142.642643 0.6275232773489301
3146.146146 0.625893339262802
3149.649650 0.62417129894443779
3153.153153 0.62265288621719028
3156.656657 0.62159746749387834
3160.160160 0.62118422830912912
3163.663664 0.62148216254059208
3167.167167 0.6224386300028486
3170.670671 0.62388833768506935
3174.174174 0.62558141842305826
3177.677678 0.62722615344469679
3181.181181 0.62853925220175644
3184.684685 0.62929500231477042
3188.188188 0.62936451927619641
3191.691692 0.62873796787073599
3195.195195 0.62752576131095616
3198.698699 0.62593870149219111
3202.202202 0.62425090129571748
3205.705706 0.62275229108128694
3209.209209 0.62169904221115491
3212.712713 0.62127024067401493
3216.216216 0.62153783863261358
3219.719720 0.62245466596943089
3223.223223 0.62386244964088056
3226.726727 0.62551866899790065
3230.230230 0.62713799483850119
3233.733734 0.62844144850029993
3237.237237 0.62920480013166213
3240.740741 0.62929758090700039
3244.244244 0.62870562788261197
3247.747748 0.62753310091882275
3251.251251 0.6259837701152664
3254.754755 0.62432519178802248
3258.258258 0.62284234588934428
3261.761762 0.62178887785047332
3265.265265 0.62134415577284507
3268.768769 0.62158312562142171
3272.272272 0.62246377461737046
3275.775776 0.62383424322602898
3279.279279 0.6254585603981655
3282.782783 0.62705693539089569
3286.286286 0.62835394290616153
3289.789790 0.62912630102903511
3293.293293 0.62924173744784051
3296.796797 0.62868189218152115
3300.300300 0.62754512388915562
3303.803804 0.62602886012854886
3307.307307 0.62439490403781539
3310.810811 0.62292406431028702
3314.314314 0.62186808545339944
3317.817818 0.62140698750410084
3321.321321 0.62161876723353948
3324.824825 0.62246630696224614
3328.328328 0.62380362472549489
3331.831832 0.62540058041434654
3335.335335 0.62698214294816235
3338.838839 0.62827573554593397
3342.342342 0.6290585153482503
3345.845846 0.62919618104254271
3349.349349 0.62866626983432528
3352.852853 0.62756173219422207
3356.356356 0.62607427186586961
3359.859860 0.62446067304772368
3363.363363 0.6229982963972972
3366.866867 0.62193757679148032
3370.370370 0.62145954943225201
3373.873874 0.62164533976737624
3377.377377 0.6224625072056561
3380.880881 0.62377047113892614
3384.384384 0.62534426851409453
3387.887888 0.62691290757213936
3391.391391 0.62820599703500746
3394.894895 0.62900064214717177
3398.398398 0.629160278312483
3401.901902 0.62865840092019321
3405.405405 0.62758289429808622
3408.908909 0.62612029809819281
3412.412412 0.62452305545208464
3415.915916 0.62306575813336318
3419.419419 0.62199809796779149
3422.922923 0.62150248672346087
3426.426426 0.62166327712260716
3429.929930 0.6224525269484753
3433.433433 0.62373463160770981
3436.936937 0.62528920472469118
3440.440440 0.62684862022010812
3443.943944 0.62814404092258092
3447.447447 0.62895204025449558
3450.950951 0.62913354486174433
3454.454454 0.62865803848554169
3457.957958 0.62760863707213388
3461.461461 0.62616722658743496
3464.964965 0.62458254154927872
3468.468468 0.62312705025467829
3471.971972 0.62205025136378678
3475.475475 0.6215362972475118
3478.978979 0.62167288748351313
3482.482482 0.62243643487661571
3485.985986 0.62369592892763925
3489.489489 0.62523500335061877
3492.992993 0.6267887604637109
3496.496496 0.62808930823187958
3500.000000 0.62891221289705335
