0.000000 0.62455031583170173
3.503504 0.62354199204019489
7.007007 0.62205331974049893
10.510511 0.62034130699973133
14.014014 0.61870068836398417
17.517518 0.61741311336671101
21.021021 0.61669902676209865
24.524525 0.61668031416447988
28.028028 0.61735979086424797
31.531532 0.6186207942147367
35.035035 0.6202469320989541
38.538539 0.62195882878395992
42.042042 0.62346188010720749
45.545546 0.62449700902513527
49.049049 0.62488563380813544
52.552553 0.62456083359226167
56.056056 0.62357903509513457
59.559560 0.62211007154167186
63.063063 0.62040745711338552
66.566567 0.61876431099097906
70.070070 0.61746281197112041
73.573574 0.61672595956313359
77.077077 0.61667974848502305
80.580581 0.61733192365830569
84.084084 0.61857070284589444
87.587588 0.62018366450086038
91.091091 0.62189378689219765
94.594595 0.62340677517829934
98.098098 0.62446175072665211
101.601602 0.62487653696973422
105.105105 0.62457947600215891
108.608609 0.62362198102401645
112.112112 0.6221695111132507
115.615616 0.62047263687762944
119.119119 0.61882348453442648
122.622623 0.61750535064664847
126.126126 0.61674424553356622
129.629630 0.61667052141626588
133.133133 0.61729685318258254
136.636637 0.61851609155028253
140.140140 0.62011933116774987
143.643644 0.62183131842627659
147.147147 0.6233574487973863
150.650651 0.6244344953128832
154.154154 0.62487630639518721
157.657658 0.62460633972424906
161.161161 0.62367110616253874
164.664665 0.62223204076645067
168.168168 0.6205372984460904
171.671672 0.61887862681189876
175.175175 0.61754103624463907
178.678679 0.61675402541208624
182.182182 0.6166525837799729
185.685686 0.61725435203191836
189.189189 0.61845659966409106
192.692693 0.62005350820180027
196.196196 0.62177101846205618
199.699700 0.62331359408853526
203.203203 0.62441509490743119
206.706707 0.62488498423165784
210.210210 0.62464165177292508
213.713714 0.62372678167178097
217.217217 0.62229810694210785
220.720721 0.62060187929368815
224.224224 0.61893008233563995
227.727728 0.61757005209803295
231.231231 0.6167552815385412
234.734735 0.61662571304781089
238.238238 0.61720402607191061
241.741742 0.61839172650038277
245.245245 0.6199856741507489
248.748749 0.62171243631357398
252.252252 0.62327491201996188
255.755756 0.62440345752673709
259.259259 0.62490270496409883
262.762763 0.62468575256989267
266.266266 0.62378949685910912
269.769770 0.62236826452689353
273.273273 0.62066690545160341
276.776777 0.61897825979764443
280.280280 0.61759262285753191
283.783784 0.6167480213398705
287.287287 0.61658970540689484
290.790791 0.61714550405761093
294.294294 0.61832100694038072
297.797798 0.6199153598650563
301.301301 0.62165518832021649
304.804805 0.62324117675168478
308.308308 0.62439955627962573
311.811812 0.62492964217708613
315.315315 0.62473897715180227
318.818819 0.62385967555217814
322.322322 0.62244293343811885
325.825826 0.62073269790939145
329.329329 0.61902330240035486
332.832833 0.61760866699015127
336.336336 0.6167319336576812
339.839840 0.6165440599586629
343.343343 0.61707817475021931
346.846847 0.6182438258214541
350.350350 0.61984206185806601
353.853854 0.62159898713110862
357.357357 0.62321239101802262
360.860861 0.62440371254380478
364.364364 0.62496641164671585
367.867868 0.62480216044917014
371.371371 0.62393825663393843
374.874875 0.62252301980390679
378.378378 0.62079999436518862
381.881882 0.61906566728325974
385.385385 0.61761829097657517
388.888889 0.61670675755626847
392.392392 0.6164881873118182
395.895896 0.61700120817845716
399.399399 0.61815923460004429
402.902903 0.61976484880283134
406.406406 0.62154304559636142
409.909910 0.62318800890956183
413.413413 0.62441567303357748
416.916917 0.62501305093338977
420.420420 0.62487557836363217
423.923924 0.62402566319199315
427.427427 0.6226089835812052
430.930931 0.62086918528496715
434.434434 0.61910559522789244
437.937938 0.6176215488619673
441.441441 0.61667237489876559
444.944945 0.61642186159044765
448.448448 0.61691437328619847
451.951952 0.61806711772701761
455.455455 0.61968383454756804
458.958959 0.62148778848271702
462.462462 0.62316879376390844
465.965966 0.62443650039948562
469.469469 0.62507081442625334
472.972973 0.62496051253502949
476.476476 0.62412300564620948
479.979980 0.62270156234476448
483.483483 0.62094046406354608
486.986987 0.61914262464307857
490.490490 0.61761729564109491
493.993994 0.6166270210524345
497.497497 0.61634285076411011
501.001001 0.61681519440664256
504.504505 0.61796502343280835
508.008008 0.61959686769460676
511.511512 0.62143161315037865
515.015015 0.62315387824355906
518.518519 0.62446616219952977
522.022022 0.6251405050757679
525.525526 0.62505850581544964
529.029029 0.62423239316938739
532.532533 0.62280320925442512
536.036036 0.62101639190755209
539.539540 0.61917920949728467
543.043043 0.61760771051496821
546.546547 0.61657249606129561
550.050050 0.61625253611432274
553.553554 0.61670464784884726
557.057057 0.61785356893557575
560.560561 0.61950425799196029
564.064064 0.62137455361005922
567.567568 0.62314301329821309
571.071071 0.62450407192610669
574.574575 0.6252211032908177
578.078078 0.62516798838871379
581.581582 0.62435159774825788
585.085085 0.62291097555114372
588.588589 0.62109331711842697
592.092092 0.6192111198839001
595.595596 0.61758822934498814
599.099099 0.61650425904322204
602.602603 0.61614684599025482
606.106106 0.61657962275142897
609.609610 0.61773108451859726
613.113113 0.61940618174743267
616.616617 0.62131889826982789
620.120120 0.62314067397573003
623.623624 0.62455674158781205
627.127127 0.62532077883681347
630.630631 0.62529820436533734
634.134134 0.62449020405026567
637.637638 0.62303397717951781
641.141141 0.62117908674501399
644.644645 0.61924422453818806
648.148148 0.6175621914142797
651.651652 0.61642277284845226
655.155155 0.61602324525934338
658.658659 0.61643468774906696
662.162162 0.61758954619359208
665.665666 0.61929249258315167
669.169169 0.62125297197654261
672.672673 0.62313432753673859
676.176176 0.6246114860849673
679.679680 0.62542739624699206
683.183183 0.62543823843395929
686.686687 0.624639137719884
690.190190 0.62316554220407749
693.693694 0.62126992866844066
697.197197 0.61927807900319787
700.700701 0.6175328256524425
704.204204 0.61633517837509577
707.707708 0.61589287818520622
711.211211 0.61628488143501448
714.714715 0.61744751803238462
718.218218 0.61918459791134406
721.721722 0.62119999777628987
725.225225 0.62314764366512765
728.728729 0.62469076375705734
732.232232 0.62556035965740453
735.735736 0.62560256253423685
739.239239 0.62480620487286154
742.742743 0.62330540831559045
746.246246 0.62135660999038034
749.749750 0.61929420916655609
753.253253 0.61747285638040161
756.756757 0.6162065685735908
760.260260 0.61571506918926433
763.763764 0.61608622282807457
767.267267 0.61726063502466055
770.770771 0.61904094199042403
774.274274 0.62112447154649086
777.777778 0.62315421465873455
781.281281 0.62477985991121587
784.784785 0.62571856656054681
788.288288 0.62580474746148318
791.791792 0.62501974274818417
795.295295 0.62349577617114382
798.798799 0.62149334562211633
802.302302 0.61935616043201247
805.805806 0.61745179018266039
809.309309 0.61610852009819006
812.812813 0.61555921687554882
816.316316 0.61590149291354768
819.819820 0.61708060768690731
823.323323 0.61889790682365287
826.826827 0.62104363463562051
830.330330 0.62314906875088205
833.833834 0.62484957452148515
837.337337 0.62584793632372526
840.840841 0.62596679020721069
844.344344 0.62518054126406331
847.847848 0.62362071570615507
851.351351 0.62155361651150898
854.854855 0.61933433749902989
858.358358 0.61734547394147121
861.861862 0.61593137860783986
865.365365 0.61533921817400927
868.868869 0.61567658157769978
872.372372 0.6168924899296595
875.875876 0.61878492313813427
879.379379 0.62103388431117112
882.882883 0.62325497351941261
886.386386 0.62506489920653341
889.889890 0.62614791493974165
893.393393 0.62631147436429324
896.896897 0.62552088709140397
900.400400 0.6239063877533495
903.903904 0.62174114302133887
907.407407 0.61939418477116748
910.910911 0.61726682566925661
914.414414 0.61572384244258382
917.917918 0.61503122666871679
921.421421 0.61531079726390125
924.924925 0.61651898327411836
928.428428 0.61845322217548304
931.931932 0.62078517244735043
935.435435 0.62311571786431841
938.938939 0.62504300574650751
942.442442 0.62623212317922428
945.945946 0.62647415582025479
949.449449 0.62572378565393438
952.952953 0.62410826448674728
956.456456 0.62190589861987167
959.959960 0.6194979246654434
963.463463 0.61730252812429809
966.966967 0.61570273587505886
970.470470 0.6149805764526427
973.973974 0.61526843089991012
977.477477 0.61652544996837066
980.980981 0.61854291757761515
984.484484 0.62097800599603181
987.987988 0.62341090937961352
991.491491 0.62541633262748264
994.994995 0.62663740010432001
998.498498 0.62684898070184114
1002.002002 0.62599876748463046
1005.505506 0.62421824529624681
1009.009009 0.62180126597091867
1012.512513 0.61915408130196459
1016.016016 0.6167259293517795
1019.519520 0.61493251107190205
1023.023023 0.61408545940157677
1026.526527 0.61433939300420615
1030.030030 0.61566498094157696
1033.533534 0.61785231182313116
1037.037037 0.62054429661550725
1040.540541 0.62329523220594096
1044.044044 0.62564544604175487
1047.547548 0.62719976097785834
1051.051051 0.62769614786635208
1054.554555 0.62705202789946035
1058.058058 0.62537939882603422
1061.561562 0.62296569735323648
1065.065065 0.62022381834668272
1068.568569 0.61762046522214864
1072.072072 0.6155957384748949
1075.575576 0.61448796592935695
1079.079079 0.6144763559909161
1082.582583 0.61555073323755527
1086.086086 0.61751315628106229
1089.589590 0.62001126597784273
1093.093093 0.62259826486536185
1096.596597 0.62480998553135914
1100.100100 0.62624621694132721
1103.603604 0.62664209086426115
1107.107107 0.62591650665001553
1110.610611 0.62418840729255043
1114.114114 0.6217575965606249
1117.617618 0.61905344058683709
1121.121121 0.61656070618764891
1124.624625 0.61473569241835746
1128.128128 0.61392709445094695
1131.631632 0.6143147937673068
1135.135135 0.61587656805053459
1138.638639 0.61838825950631493
1142.142142 0.62145782656821258
1145.645646 0.62458841759377826
1149.149149 0.62726069407442264
1152.652653 0.62902085021630183
1156.156156 0.62955902613231107
1159.659660 0.6287638334737975
1163.163163 0.6267426843641446
1166.666667 0.62380390605111857
1170.170170 0.6204038783301653
1173.673674 0.61706898166131263
1177.177177 0.61430656491363833
1180.680681 0.61252066654657333
1184.184184 0.61194685264120396
1187.687688 0.61261684259105675
1191.191191 0.61435840021969046
1194.694695 0.616830101951925
1198.198198 0.61958482685951399
1201.701702 0.62215092475460509
1205.205205 0.62411681749589332
1208.708709 0.62520398255246723
1212.212212 0.62531519623627285
1215.715716 0.62454931482265397
1219.219219 0.623179864897074
1222.722723 0.62160106504000634
1226.226226 0.62025043793082757
1229.729730 0.61952111722984848
1233.233233 0.61967897658076032
1236.736737 0.62079971053198357
1240.240240 0.62273884554681336
1243.743744 0.62514313976099589
1247.247247 0.62750494741800933
1250.750751 0.62925258128483419
1254.254254 0.62986118966608484
1257.757758 0.62896258039964137
1261.261261 0.62643104240031922
1264.764765 0.62242657512495558
1268.268268 0.61738612324159792
1271.771772 0.61196470933178049
1275.275275 0.6069383135842441
1278.778779 0.60308629120031898
1282.282282 0.60107227217590276
1285.785786 0.60134009129193922
1289.289289 0.60403760868114664
1292.792793 0.60897808336627846
1296.296296 0.61564625615664081
1299.799800 0.62325312409025113
1303.303303 0.63083778572392835
1306.806807 0.63740615131654088
1310.310310 0.6420864072433764
1313.813814 0.64427344761053873
1317.317317 0.64373284201771164
1320.820821 0.64064129089745414
1324.324324 0.63555380285373209
1327.827828 0.62930402517364181
1331.331331 0.62285817399176302
1334.834835 0.61715093620629613
1338.338338 0.61293239887874762
1341.841842 0.61065012183452205
1345.345345 0.61038286816456977
1348.848849 0.61183465859247921
1352.352352 0.61439043615423472
1355.855856 0.61722701659666956
1359.359359 0.61946445029394659
1362.862863 0.62033418994543643
1366.366366 0.61933414862528835
1369.869870 0.61634015682276511
1373.373373 0.61165045532689488
1376.876877 0.60595367461395888
1380.380380 0.60022717611672582
1383.883884 0.59558629186344259
1387.387387 0.59311187669483945
1390.890891 0.59368299567766192
1394.394394 0.59783621513554064
1397.897898 0.60566699561089332
1401.401401 0.61678491013493086
1404.904905 0.63033247962747507
1408.408408 0.64507417483961971
1411.911912 0.65955404445250032
1415.415415 0.67230655958743779
1418.918919 0.68208887039049637
1422.422422 0.68809017101770253
1425.925926 0.69007163191996124
1429.429429 0.68840112270627529
1432.932933 0.68396809367567202
1436.436436 0.67798877738917007
1439.939940 0.67173301157329457
1443.443443 0.66621724314170816
1446.946947 0.66191391086515983
1450.450450 0.65852841866449174
1453.953954 0.6548933092849849
1457.457457 0.64902304599786842
1460.960961 0.6383562895112499
1464.464464 0.62018035023648987
1467.967968 0.59218542736275148
1471.471471 0.55304515318262104
1474.974975 0.50288418595517448
1478.478478 0.44349353057419449
1481.981982 0.37820088664436918
1485.485485 0.31139000505007625
1488.988989 0.2477646421996843
1492.492492 0.19153369368707554
1495.995996 0.14572282006029266
1499.499499 0.1117807389017053
1503.003003 0.089556896491853499
1506.506507 0.077614390292164506
1510.010010 0.073748770059232846
1513.513514 0.075541724145569755
1517.017017 0.080798861802675648
1520.520521 0.087788251654875415
1524.024024 0.09527962333820246
1527.527528 0.10244950698137015
1531.031031 0.10874344997985189
1534.534535 0.11377074109403815
1538.038038 0.11726526526119065
1541.541542 0.11910172457813706
1545.045045 0.11932935163290027
1548.548549 0.1181834516239775
1552.052052 0.11605351424004443
1555.555556 0.11341195553379006
1559.059059 0.11072624857561074
1562.562563 0.10838194319876766
1566.066066 0.10663584979297315
1569.569570 0.1056043794965966
1573.073073 0.10527971183547555
1576.576577 0.10556097213632473
1580.080080 0.1062890500666759
1583.583584 0.10727869596356937
1587.087087 0.10834604689718744
1590.590591 0.10933149741522367
1594.094094 0.11011714378822253
1597.597598 0.11063681677023104
1601.101101 0.11087680444670529
1604.604605 0.1108672310524851
1608.108108 0.11066671633452661
1611.611612 0.11034482916165636
1615.115115 0.10996694260377606
1618.618619 0.10958449734587443
1622.122122 0.10923138646098343
1625.625626 0.10892533024103102
1629.129129 0.10867230413752804
1632.632633 0.10847215969135952
1636.136136 0.10832397780897406
1639.639640 0.10822998452564472
1643.143143 0.10819704025959964
1646.646647 0.10823509506336307
1650.150150 0.10835281895263305
1653.653654 0.10855171223576954
1657.157157 0.10882085212776958
1660.660661 0.10913449395744572
1664.164164 0.10945385805898919
1667.667668 0.10973297610092596
1671.171171 0.10992714064177488
1674.674675 0.11000187421782591
1678.178178 0.10994051644303529
1681.681682 0.10974915189041033
1685.185185 0.10945815198239885
1688.688689 0.10911982681796487
1692.192192 0.10880177101605304
1695.695696 0.10857589864420378
1699.199199 0.10850419752596797
1702.702703 0.10862369461465544
1706.206206 0.10893431951264305
1709.709710 0.10939348162613535
1713.213213 0.10991985185295278
1716.716717 0.11040640033384166
1720.220220 0.11074012344601983
1723.723724 0.11082413217968849
1727.227227 0.11059745186231751
1730.730731 0.11004886222920705
1734.234234 0.10922270828151284
1737.737738 0.10821609383888449
1741.241241 0.10716786969945147
1744.744745 0.10624048774993756
1748.248248 0.1055965020390268
1751.751752 0.1053724849134708
1755.255255 0.10565419514595338
1758.758759 0.10645745147455137
1762.262262 0.10771881544872534
1765.765766 0.10929874212010932
1769.269269 0.11099767192517887
1772.772773 0.11258323053794093
1776.276276 0.11382479146655028
1779.779780 0.11453033246397121
1783.283283 0.11457974128662166
1786.786787 0.11394852310476092
1790.290290 0.1127165344993399
1793.793794 0.11105837726291276
1797.297297 0.10921559369020592
1800.800801 0.10745521943017625
1804.304304 0.10602316088653858
1807.807808 0.10510259806393861
1811.311311 0.10478616393464706
1814.814815 0.10506641764645797
1818.318318 0.10584390908687799
1821.821822 0.10694823207777861
1825.325325 0.10816638102654652
1828.828829 0.10927422995241985
1832.332332 0.11006921328454092
1835.835836 0.11040308187882088
1839.339339 0.11021189191675548
1842.842843 0.10953719063123579
1846.346346 0.10853032249340422
1849.849850 0.1074334448556556
1853.353353 0.10653682086092732
1856.856857 0.10612012127769149
1860.360360 0.10639190282966743
1863.863864 0.10744269343604039
1867.367367 0.10922240918767498
1870.870871 0.11154465704917225
1874.374374 0.11411319168723696
1877.877878 0.1165628466292023
1881.381381 0.11850892860471512
1884.884885 0.11960226394438078
1888.388388 0.1195875835287819
1891.891892 0.11835864310013298
1895.395395 0.11599658519004571
1898.898899 0.11277423779044582
1902.402402 0.10911389110490158
1905.905906 0.10550074486950382
1909.409409 0.10237327607695836
1912.912913 0.10002529529370678
1916.416416 0.098553469505571825
1919.919920 0.097866565682218187
1923.423423 0.097746072515855348
1926.926927 0.097926020553344817
1930.430430 0.098155312615440221
1933.933934 0.098222081730144448
1937.437437 0.097947532213913169
1940.940941 0.097179288789116844
1944.444444 0.095816216236077084
1947.947948 0.093874634744879337
1951.451451 0.091572172470174337
1954.954955 0.0893822889586076
1958.458458 0.088018537102699204
1961.961962 0.088345211588556419
1965.465465 0.091261310808096935
1968.968969 0.097635795382047919
1972.472472 0.10835689093705643
1975.975976 0.12449278378551529
1979.479479 0.1474724502210529
1982.982983 0.17913183821559442
1986.486486 0.22147797052466381
1989.989990 0.27611830966032941
1993.493493 0.34345731451854555
1996.996997 0.42191161378413095
2000.500501 0.5074651337249525
2004.004004 0.59382810990575385
2007.507508 0.67328505551034479
2011.011011 0.73807870102758522
2014.514515 0.7819737563107686
2018.018018 0.80156074911871078
2021.521522 0.79693288369055537
2025.025025 0.77156954283124934
2028.528529 0.73150825382768914
2032.032032 0.68408650090429024
2035.535536 0.63661626936245297
2039.039039 0.59530301490552651
2042.542543 0.5645782023614252
2046.046046 0.5468534056422395
2049.549550 0.54259177030517769
2053.053053 0.55056179158823815
2056.556557 0.56817661018016019
2060.060060 0.59188610560725086
2063.563564 0.61763194000711208
2067.067067 0.64137205825773902
2070.570571 0.65963810104592435
2074.074074 0.67003827243365854
2077.577578 0.67159496715567246
2081.081081 0.66482992985966871
2084.584585 0.65157285400663312
2088.088088 0.63454453698126789
2091.591592 0.61682086398481162
2095.095095 0.60129913457443684
2098.598599 0.59026438916354951
2102.102102 0.58510841036304428
2105.605606 0.58621104402160473
2109.109109 0.59296775454943473
2112.612613 0.60394013443928396
2116.116116 0.6171073320438526
2119.619620 0.63019366162441603
2123.123123 0.64103544595659157
2126.626627 0.64793325075431318
2130.130130 0.64992573700215905
2133.633634 0.64692882861442191
2137.137137 0.63971090868545277
2140.640641 0.62971323662383727
2144.144144 0.6187606039098148
2147.647648 0.60872774415767783
2151.151151 0.60122717185279262
2154.654655 0.59736810482172631
2158.158158 0.59761367334268345
2161.661662 0.6017440079355143
2165.165165 0.60892012688519637
2168.668669 0.61783598169435783
2172.172172 0.62693891831794102
2175.675676 0.63468923799397015
2179.179179 0.63981907624920809
2182.682683 0.64154488280815025
2186.186186 0.6396920564060844
2189.689690 0.63470665511592539
2193.193193 0.62755379306860026
2196.696697 0.61952740442223397
2200.200200 0.61201329247813585
2203.703704 0.60625224934054578
2207.207207 0.60314338201758344
2210.710711 0.60311454582680735
2214.214214 0.60607271120263584
2217.717718 0.61143565577534631
2221.221221 0.61823771198971733
2224.724725 0.62529450021457889
2228.228228 0.63140321232132945
2231.731732 0.63554703119130085
2235.235235 0.63706793807560314
2238.738739 0.63577507172355763
2242.242242 0.63196734852495362
2245.745746 0.62636697584188472
2249.249249 0.61997954671265565
2252.752753 0.61391074399628587
2256.256256 0.60917554977910748
2259.759760 0.60653304544794462
2263.263263 0.60637122840769286
2266.766767 0.6086556356567735
2270.270270 0.61294573542701503
2273.773774 0.61847473474403625
2277.277277 0.62428089259405728
2280.780781 0.62937096478401444
2284.284284 0.63288979493709341
2287.787788 0.6342665720066496
2291.291291 0.6333104317359155
2294.794795 0.63023693131315939
2298.298298 0.62562092697355276
2301.801802 0.62028672075108748
2305.305305 0.61515855007856102
2308.808809 0.61110043117954815
2312.312312 0.60877342657370204
2315.815816 0.6085323379673504
2319.319319 0.61037541324516154
2322.822823 0.61395215761056521
2326.326326 0.61862663947556362
2329.829830 0.62358657778569104
2333.333333 0.62798174325296985
2336.836837 0.6310694744989862
2340.340340 0.63234212127009948
2343.843844 0.63161289522530173
2347.347347 0.62904375150668135
2350.850851 0.62511039127290413
2354.354354 0.6205123159151883
2357.857858 0.61604649850804616
2361.361361 0.6124689827849974
2364.864865 0.61036880285182582
2368.368368 0.61007416599361952
2371.871872 0.61160395525987088
2375.375375 0.61467016065210367
2378.878879 0.61872976150395964
2382.382382 0.6230779497196629
2385.885886 0.62696839797986759
2389.389389 0.62974116284476844
2392.892893 0.63093615438334838
2396.396396 0.63037142401192958
2399.899900 0.62817148524385125
2403.403403 0.62474058628139917
2406.906907 0.62068691439932333
2410.410410 0.61671315649053826
2413.913914 0.61349432672272752
2417.417417 0.61156446358721817
2420.920921 0.61123043465498572
2424.424424 0.61252530561120511
2427.927928 0.61520711659136573
2431.431431 0.61880237372032454
2434.934935 0.62268736500411881
2438.438438 0.62619468715258764
2441.941942 0.62872771300203623
2445.445445 0.62986329948765574
2448.948949 0.62942409154507351
2452.452452 0.62750687653203552
2455.955956 0.62446185412788857
2459.459459 0.62082741991985657
2462.962963 0.61723357978127735
2466.466466 0.61429233887410895
2469.969970 0.6124944849757179
2473.473473 0.61212959313296245
2476.976977 0.61324112848498269
2480.480480 0.61562258343478615
2483.983984 0.6188545310437501
2487.487487 0.62237666346073206
2490.990991 0.62558354393802085
2494.494494 0.62792849583504684
2497.997998 0.62901778654684104
2501.501502 0.62867810936925261
2505.005005 0.62698480491587594
2508.508509 0.62424568556764004
2512.012012 0.62094403386141517
2515.515516 0.6176521280383992
2519.019019 0.61493163413548979
2522.522523 0.61323853495955816
2526.026026 0.6128482449492797
2529.529530 0.61381225710034681
2533.033033 0.61595227934351926
2536.536537 0.61889217993759083
2540.040040 0.62212258685190691
2543.543544 0.62508796548498469
2547.047047 0.62728197199479363
2550.550551 0.62833473526101291
2554.054054 0.62807639264166282
2557.557558 0.62656512100250772
2561.061061 0.62407454743169599
2564.564565 0.62104331699666226
2568.068068 0.61799677943688824
2571.571572 0.6154555273116501
2575.075075 0.61384702530087498
2578.578579 0.61343498723705592
2582.082082 0.6142773721191086
2585.585586 0.6162189412578345
2589.089089 0.61891904193338332
2592.592593 0.62191010457218165
2596.096096 0.62467758988837452
2599.599600 0.62674831970171818
2603.103103 0.62777207190399786
2606.606607 0.6275818462432875
2610.110110 0.62622170000473554
2613.613614 0.62393706656814885
2617.117117 0.62112970184052707
2620.620621 0.61828609506760068
2624.124124 0.61589276080646038
2627.627628 0.61435346225673926
2631.131131 0.61392217892638778
2634.634635 0.61466226917124833
2638.138138 0.61643773721412232
2641.641642 0.61893755170164666
2645.145145 0.62172904398087347
2648.648649 0.62433189392480704
2652.152152 0.62630059215409717
2655.655656 0.62730128325673917
2659.159159 0.62716929498732532
2662.662663 0.62593679938053426
2666.166166 0.62382554744238239
2669.669670 0.62120630521704467
2673.173173 0.61853289845214354
2676.676677 0.61626318641132838
2680.180180 0.61478101241168015
2683.683684 0.61433222121493358
2687.187187 0.61498482295611456
2690.690691 0.61661917406806011
2694.194194 0.61894935790149797
2697.697698 0.62157225676516581
2701.201201 0.62403648441609172
2704.704705 0.62591988125852538
2708.208208 0.62690234264982259
2711.711712 0.62682104066926103
2715.215215 0.62569794407930568
2718.718719 0.62373460303609596
2722.222222 0.62127539378911512
2725.725726 0.61874634983915544
2729.229229 0.61658097345961616
2732.732733 0.61514622039735245
2736.236236 0.6146811242478647
2739.739740 0.61525781415790881
2743.243243 0.61677075669881531
2746.746747 0.61895560649313242
2750.250250 0.6214345599410791
2753.753754 0.62378095438621628
2757.257257 0.62559251538568905
2760.760761 0.626560762369332
2764.264264 0.62652427450947179
2767.767768 0.62549610895247953
2771.271271 0.62366035703621781
2774.774775 0.62133866482703137
2778.278278 0.61893317870529552
2781.781782 0.61685651701776867
2785.285285 0.61546122496151667
2788.788789 0.61498063808972681
2792.292292 0.61549062203641691
2795.795796 0.61689798279787489
2799.299299 0.61895710888435851
2802.802803 0.62131209373219931
2806.306306 0.62355758279955054
2809.809810 0.6253083567710912
2813.313313 0.62626579909117708
2816.816817 0.62626949864961101
2820.320320 0.62532460833405401
2823.823824 0.62359995726742168
2827.327327 0.62139742290662037
2830.830831 0.61909844872552611
2834.334334 0.61709762298895887
2837.837838 0.61573513761258447
2841.341341 0.61523958086923825
2844.844845 0.61569028109580748
2848.348348 0.61700496444945074
2851.851852 0.61895444581745795
2855.355355 0.62120191606250297
2858.858859 0.62336051360455524
2862.362362 0.62505972509742069
2865.865866 0.62600931749088284
2869.369369 0.62604952501220612
2872.872873 0.62517839102633921
2876.376376 0.62355126739239841
2879.879880 0.62145269520869828
2883.383383 0.61924605037479263
2886.886887 0.61731027149028328
2890.390390 0.61597493182689067
2893.893894 0.61546469665732606
2897.397397 0.61586216447184594
2900.900901 0.61709483030515
2904.404404 0.618948033732312
2907.907908 0.6211017374471518
2911.411411 0.62318521938120897
2914.914915 0.6248406935701164
2918.418418 0.6257850461716512
2921.921922 0.62585881899453466
2925.425425 0.62505357780070814
2928.928929 0.62351266515496762
2932.432432 0.62150530916919322
2935.935936 0.61937902832201241
2939.439439 0.61749912418947506
2942.942943 0.61618603457857657
2946.446446 0.61566122678361046
2949.949950 0.61601043945074185
2953.453453 0.61716999365025527
2956.956957 0.61893816833051241
2960.460460 0.62100974238703566
2963.963964 0.62302814044661869
2967.467467 0.62464661499336971
2970.970971 0.62558807625635415
2974.474474 0.62569305682274234
2977.977978 0.62494714936826112
2981.481481 0.62348290667781503
2984.984985 0.62155594627648236
2988.488488 0.61949980509306657
2991.991992 0.61766787074347318
2995.495495 0.61637273051654307
2998.998999 0.6158333004987917
3002.502503 0.61613837911435454
3006.006006 0.61723233570363412
3009.509510 0.61892505381083296
3013.013013 0.62092446583314287
3016.516517 0.62288643571155744
3020.020020 0.62447379453295737
3023.523524 0.62541451497805889
3027.027027 0.62554881958457909
3030.530531 0.62485673072292514
3034.034034 0.62346103303812983
3037.537538 0.62160518031119416
3041.041041 0.61961033759577722
3044.544545 0.61781947101717682
3048.048048 0.61653844461379514
3051.551552 0.61598420827469724
3055.055055 0.61624858037654595
3058.558559 0.61728333369146982
3062.062062 0.6189088227778029
3065.565566 0.62084470568431083
3069.069069 0.62275780674195069
3072.572573 0.62431925871013194
3076.076076 0.62526124111252135
3079.579580 0.62542337721032426
3083.083083 0.62478043900611624
3086.586587 0.62344630474058693
3090.090090 0.62165350525849861
3093.593594 0.61971222910469448
3097.097097 0.61795632806097078
3100.600601 0.61668594394948628
3104.104104 0.61611659688681353
3107.607608 0.61634311953791376
3111.111111 0.61732415200339152
3114.614615 0.61888954990237977
3118.118118 0.62076945943082484
3121.621622 0.62264037094649527
3125.125125 0.62418058906205187
3128.628629 0.62512572893720308
3132.132132 0.62531453304849371
3135.635636 0.62471677419551308
3139.139139 0.62343815496701427
3142.642643 0.62170135611317612
3146.146146 0.61980681089996559
3149.649650 0.61808041390423973
3153.153153 0.61681748433032735
3156.656657 0.61623261108301786
3160.160160 0.61642366512710578
3163.663664 0.61735570809571982
3167.167167 0.61886726133934866
3170.670671 0.6206978774324784
3174.174174 0.62253256861279593
3177.677678 0.62405580041532871
3181.181181 0.62500591954730789
3184.684685 0.62522051040866478
3188.188188 0.62466453954749457
3191.691692 0.62343615597330293
3195.195195 0.62174912488723244
3198.698699 0.61989520293027711
3202.202202 0.61819336258204249
3205.705706 0.61693491847937054
3209.209209 0.61633399791248766
3212.712713 0.61649156075020861
3216.216216 0.61737872050310116
3219.719720 0.6188419408819783
3223.223223 0.62062922752649408
3226.726727 0.62243309335613617
3230.230230 0.62394325018196573
3233.733734 0.62490012520918425
3237.237237 0.6251398684575209
3240.740741 0.62462278290456663
3244.244244 0.62343999474764522
3247.747748 0.6217971732985289
3251.251251 0.61997835978710869
3254.754755 0.61829654017293989
3258.258258 0.61703977724881398
3261.761762 0.61642218487033318
3265.265265 0.61654788698519003
3268.768769 0.61739374450644324
3272.272272 0.61881353419029095
3275.775776 0.62056286810565597
3279.279279 0.6223408396447011
3282.782783 0.6238415701354596
3286.286286 0.62480695757954663
3289.789790 0.62507143925893749
3293.293293 0.62459075294656063
3296.796797 0.62344945513838401
3300.300300 0.62184584271884369
3303.803804 0.62005710557643379
3307.307307 0.61839109757889732
3310.810811 0.61713333054836295
3314.314314 0.61649833822411082
3317.817818 0.61659350719631478
3321.321321 0.61740119798668469
3324.824825 0.61878195086888066
3328.328328 0.62049822678442679
3331.831832 0.62225486243211992
3335.335335 0.62374961454829014
3338.838839 0.62472527365223729
3342.342342 0.62501428091894218
3345.845846 0.62456786735551217
3349.349349 0.62346440597943553
3352.852853 0.6218954635737961
3356.356356 0.62013216220793321
3359.859860 0.61847801218829779
3363.363363 0.61721663480289357
3366.866867 0.61656340797654741
3370.370370 0.61662910240869862
3373.873874 0.61740138055447902
3377.377377 0.61874706502013577
3380.880881 0.62043478277298836
3384.384384 0.6221743448333581
3387.887888 0.6236664190623239
3391.391391 0.62465413304385509
3394.894895 0.6249676405378668
3398.398398 0.62455368744849649
3401.901902 0.62348479117915534
3405.405405 0.62194636186429753
3408.908909 0.62020417048674636
3412.412412 0.61855811928984439
3415.915916 0.61729056888717915
3419.419419 0.61661816201377972
3422.922923 0.61665519793681312
3426.426426 0.61739448844195932
3429.929930 0.61870871636081104
3433.433433 0.62037205464129386
3436.936937 0.62209857527805301
3440.440440 0.62359117174840895
3443.943944 0.6245927684006517
3447.447447 0.62493092932800531
3450.950951 0.62454790232912227
3454.454454 0.62351062544571845
3457.957958 0.62199886683178351
3461.461461 0.62027370792582215
3464.964965 0.61863213647529225
3468.468468 0.61735586047899704
3471.971972 0.61666320951989628
3475.475475 0.61667217956717491
3478.978979 0.61738062047729836
3482.482482 0.61866670481795294
3485.985986 0.62030958435265571
3489.489489 0.6220269236275896
3492.992993 0.62352318530982298
3496.496496 0.62454055834070343
3500.000000 0.62490370078130986
