0 0 0 6.000000 0.48197716961490039
1 -1 0 6.222261 0.010417025788993209
2 1 0 5.777829 0.010403505615515176
3 -2 0 6.444616 0.0084515009459996283
4 2 0 5.555746 0.0084334506840994233
5 -3 0 6.667069 0.0058310615373937608
6 3 0 5.333746 0.0058197190470030986
7 -4 0 6.889623 0.0032695364918460383
8 4 0 5.111827 0.0032701828687953052
9 -5 0 7.112281 0.0013385568668971995
10 5 0 4.889984 0.0013472129579428485
11 -6 0 7.335047 0.00028432245581266582
12 6 0 4.668215 0.00029175172561628432
13 -7 0 7.557925 3.2750530021294501e-06
14 7 0 4.446516 2.8792257131015113e-06
15 -8 0 7.780918 0.00016646223279648305
16 8 0 4.224883 0.00015963339180682571
17 -9 0 8.004030 0.00041281197765722494
18 9 0 4.003314 0.00040747999357068106
19 -10 0 8.227264 0.00050983100010084271
20 10 0 3.781805 0.00051353736383808195
21 -11 0 8.450623 0.000412911420219979
22 11 0 3.560353 0.00042621541990229883
23 -12 0 8.674112 0.00021770894195780499
24 12 0 3.338953 0.0002334531944033445
25 -13 0 8.897734 5.5881604454304456e-05
26 13 0 3.117604 6.501939697196914e-05
27 -14 0 9.121493 3.5287590630951576e-06
28 14 0 2.896301 2.7585647981513023e-06
29 -15 0 9.345393 4.9219089559487211e-05
30 15 0 2.675041 4.405724254265776e-05
31 -16 0 9.569436 0.00012421471682479531
32 16 0 2.453822 0.00012476437803593911
33 -17 0 9.793627 0.00016076222359489035
34 17 0 2.232639 0.00017343418097522998
35 -18 0 10.017970 0.00013539173032800703
36 18 0 2.011489 0.00015731880011492377
37 -19 0 10.242468 7.3237091271250327e-05
38 19 0 1.790369 9.4151326859422029e-05
39 -20 0 10.467125 1.9443256002271146e-05
40 20 0 1.569276 2.9800239981208407e-05
41 -21 0 10.691945 3.7719973358883574e-06
42 21 0 1.348206 2.691754875308534e-06
43 -22 0 10.916931 2.3545456910924354e-05
44 22 0 1.127156 2.0007300589599313e-05
45 -23 0 11.142088 5.2607503830803656e-05
46 23 0 0.906123 5.8590945428351919e-05
47 -24 0 11.367420 6.4699352499768197e-05
48 24 0 0.685104 8.5515346537090565e-05
49 -25 0 11.592929 5.1961787072694284e-05
50 25 0 0.464095 8.1560886913871947e-05
51 -26 0 11.818621 2.6451820190591091e-05
52 26 0 0.243092 5.1782586041816088e-05
53 -27 0 12.044500 6.9926655705056823e-06
54 27 0 0.022094 1.8277843940699562e-05
55 -28 0 12.270568 3.8496306016174911e-06
56 28 0 0.198905 2.6743224607618762e-06
57 -29 0 12.496830 1.2985525736573998e-05
58 29 0 0.419906 1.1505758144744989e-05
59 -30 0 12.723291 2.2316917105298053e-05
60 30 0 0.640914 3.3837521708115485e-05
61 -31 0 12.949954 2.2817725574220273e-05
62 31 0 0.861931 5.1049878377004838e-05
63 -32 0 13.176824 1.4845754138115756e-05
64 32 0 1.082961 5.0565607434992715e-05
65 -33 0 13.403904 5.5831045408053233e-06
66 33 0 1.304007 3.3719031100532408e-05
67 -34 0 13.631198 1.4622671420156659e-06
68 34 0 1.525073 1.3140963241542049e-05
69 -35 0 13.858712 3.0006076071666396e-06
70 35 0 1.746161 2.6965652265471325e-06
71 -36 0 14.086448 6.0532427860821562e-06
72 36 0 1.967275 7.7255467935202771e-06
73 -37 0 14.314412 6.8709824117614714e-06
74 37 0 2.188419 2.2255117473923844e-05
75 -38 0 14.542608 5.1557511531387491e-06
76 38 0 2.409595 3.4352212117810024e-05
77 -39 0 14.771039 2.6988833846743157e-06
78 39 0 2.630807 3.5063125449775398e-05
79 -40 0 14.999711 8.0687200443195752e-07
80 40 0 2.852058 2.4378719794577311e-05
81 -41 0 15.228628 1.6792650687288093e-08
82 41 0 3.073352 1.036945433029347e-05
83 -42 0 15.457794 8.337158550453047e-07
84 42 0 3.294692 2.7437237037700205e-06
85 -43 0 15.687214 3.0346635895984096e-06
86 43 0 3.516081 5.8488286137460608e-06
87 -44 0 15.916892 4.9475943990670676e-06
88 44 0 3.737523 1.6071851371352675e-05
89 -45 0 16.146833 4.8189099815269572e-06
90 45 0 3.959020 2.5084624180540705e-05
91 -46 0 16.377041 2.7599661898429861e-06
92 46 0 4.180577 2.6150934989129396e-05
93 -47 0 16.607522 6.2667431157361617e-07
94 47 0 4.402196 1.8786114096019795e-05
95 -48 0 16.838279 2.840971571208237e-08
96 48 0 4.623882 8.5984360149660852e-06
97 -49 0 17.069319 8.8548210336028781e-07
98 49 0 4.845637 2.7998248613506993e-06
99 -50 0 17.300644 1.9365915691643342e-06
100 50 0 5.067465 4.9124748284254127e-06
101 -51 0 17.532261 2.2217478983344609e-06
102 51 0 5.289368 1.2512711790722724e-05
103 -52 0 17.764174 1.7781893567230613e-06
104 52 0 5.511352 1.9410810153861042e-05
105 -53 0 17.996388 1.1213152900428666e-06
106 53 0 5.733418 2.0390971633915909e-05
107 -54 0 18.228908 5.6191434555978207e-07
108 54 0 5.955571 1.4921787680755675e-05
109 -55 0 18.461739 2.2118770223857298e-07
110 55 0 6.177814 7.2225862867754575e-06
111 -56 0 18.694887 3.2292542755287077e-07
112 56 0 6.400150 2.869718733532978e-06
113 -57 0 18.928356 9.8819423678965173e-07
114 57 0 6.622583 4.624878190075974e-06
115 -58 0 19.162152 1.7999608355827422e-06
116 58 0 6.845116 1.0577412879662228e-05
117 -59 0 19.396280 2.0223698877877813e-06
118 59 0 7.067754 1.5832210928915702e-05
119 -60 0 19.630745 1.4063261634938517e-06
120 60 0 7.290498 1.6315270766227601e-05
121 -61 0 19.865553 5.0843895330872851e-07
122 61 0 7.513353 1.1787158419375368e-05
123 -62 0 20.100709 6.4304651110095526e-08
124 62 0 7.736323 5.873948578203584e-06
125 -63 0 20.336219 2.4450302507685052e-07
126 63 0 7.959410 3.2174420536143664e-06
127 -64 0 20.572088 6.6828722934749142e-07
128 64 0 8.182619 5.9635507052278825e-06
129 -65 0 20.808323 9.5438782446996247e-07
130 65 0 8.405954 1.2206826403929734e-05
131 -66 0 21.044928 1.0143304211321015e-06
132 66 0 8.629416 1.7470246775867631e-05
