0 0 0 6.000000 0.48563683839148747
1 -1 0 6.222261 0.010481423084538616
2 1 0 5.777829 0.010463150750909507
3 -2 0 6.444616 0.0085082439847435527
4 2 0 5.555746 0.0084822992783968702
5 -3 0 6.667069 0.0058749169832895028
6 3 0 5.333746 0.0058550605729888452
7 -4 0 6.889623 0.0032981277263386547
8 4 0 5.111827 0.0032919985567501659
9 -5 0 7.112281 0.0013529846241811499
10 5 0 4.889984 0.0013578339023621743
11 -6 0 7.335047 0.00028867982215556636
12 6 0 4.668215 0.00029497868512307236
13 -7 0 7.557925 3.1003847380917979e-06
14 7 0 4.446516 2.7916449398102986e-06
15 -8 0 7.780918 0.00016667985467462581
16 8 0 4.224883 0.0001594414182837201
17 -9 0 8.004030 0.00041604081823458616
18 9 0 4.003314 0.0004088024116795432
19 -10 0 8.227264 0.00051584763960957705
20 10 0 3.781805 0.00051635182614224876
21 -11 0 8.450623 0.0004195060981025461
22 11 0 3.560353 0.00042944921822012848
23 -12 0 8.674112 0.00022243171485427521
24 12 0 3.338953 0.00023589158561138922
25 -13 0 8.897734 5.7672734240558008e-05
26 13 0 3.117604 6.606846169359921e-05
27 -14 0 9.121493 3.300171038393728e-06
28 14 0 2.896301 2.703572356428037e-06
29 -15 0 9.345393 4.9102280443773366e-05
30 15 0 2.675041 4.3755850235811156e-05
31 -16 0 9.569436 0.00012603383249066029
32 16 0 2.453822 0.00012503423387517974
33 -17 0 9.793627 0.00016478581716036989
34 17 0 2.232639 0.00017454559676534817
35 -18 0 10.017970 0.00014021632242044521
36 18 0 2.011489 0.0001588980457116487
37 -19 0 10.242468 7.6869123177150078e-05
38 19 0 1.790369 9.5513826014222806e-05
39 -20 0 10.467125 2.0798196556619562e-05
40 20 0 1.569276 3.0454694396897232e-05
41 -21 0 10.691945 3.4986548467662014e-06
42 21 0 1.348206 2.6647841099205386e-06
43 -22 0 10.916931 2.3556165889209754e-05
44 22 0 1.127156 1.9784065040123629e-05
45 -23 0 11.142088 5.4640226382181202e-05
46 23 0 0.906123 5.8741433114914314e-05
47 -24 0 11.367420 6.8977663676996769e-05
48 24 0 0.685104 8.6287162549268542e-05
49 -25 0 11.592929 5.6986059316413773e-05
50 25 0 0.464095 8.2725992599513574e-05
51 -26 0 11.818621 3.0129086139468794e-05
52 26 0 0.243092 5.283180560760593e-05
53 -27 0 12.044500 8.2783054575291192e-06
54 27 0 0.022094 1.8806404235315102e-05
55 -28 0 12.270568 3.6223446228341177e-06
56 28 0 0.198905 2.6727742367912954e-06
57 -29 0 12.496830 1.3409890248659928e-05
58 29 0 0.419906 1.1350481668088977e-05
59 -30 0 12.723291 2.5124463887180664e-05
60 30 0 0.640914 3.3999721884192781e-05
61 -31 0 12.949954 2.7864461861135735e-05
62 31 0 0.861931 5.1745584964006257e-05
63 -32 0 13.176824 2.0185049361580721e-05
64 32 0 1.082961 5.1605102975789799e-05
65 -33 0 13.403904 9.0918352236175966e-06
66 33 0 1.304007 3.4660540594497562e-05
67 -34 0 13.631198 2.6593827403013717e-06
68 34 0 1.525073 1.3626915054136484e-05
69 -35 0 13.858712 3.3463481507364189e-06
70 35 0 1.746161 2.7188855101249629e-06
71 -36 0 14.086448 7.3066669235269352e-06
72 36 0 1.967275 7.6244666502376058e-06
73 -37 0 14.314412 9.13432129624355e-06
74 37 0 2.188419 2.2457687713722661e-05
75 -38 0 14.542608 6.9059941874169314e-06
76 38 0 2.409595 3.5050447245216676e-05
77 -39 0 14.771039 2.9307042952158441e-06
78 39 0 2.630807 3.6073630254322484e-05
79 -40 0 14.999711 3.9469223958604734e-07
80 40 0 2.852058 2.5286470706230617e-05
81 -41 0 15.228628 2.1923187644620305e-07
82 41 0 3.073352 1.084406936553924e-05
83 -42 0 15.457794 1.3902171837364407e-06
84 42 0 3.294692 2.7882125109952858e-06
85 -43 0 15.687214 2.9831262970540054e-06
86 43 0 3.516081 5.7939806628617259e-06
87 -44 0 15.916892 4.3798849847979897e-06
88 44 0 3.737523 1.6322787965709822e-05
89 -45 0 16.146833 4.5259339916927022e-06
90 45 0 3.959020 2.581313509783828e-05
91 -46 0 16.377041 2.9172345006271953e-06
92 46 0 4.180577 2.7166969066680071e-05
93 -47 0 16.607522 8.0293424790072129e-07
94 47 0 4.402196 1.9684806354986563e-05
95 -48 0 16.838279 3.6586507214466115e-08
96 48 0 4.623882 9.069592430290962e-06
97 -49 0 17.069319 9.8156468146575689e-07
98 49 0 4.845637 2.8637838348053475e-06
99 -50 0 17.300644 2.2729031984907512e-06
100 50 0 5.067465 4.9029584859941392e-06
101 -51 0 17.532261 2.5003776250026799e-06
102 51 0 5.289368 1.2820451206950278e-05
103 -52 0 17.764174 1.6120444951737154e-06
104 52 0 5.511352 2.018432241314656e-05
105 -53 0 17.996388 5.9478957149568725e-07
106 53 0 5.733418 2.142360769039861e-05
107 -54 0 18.228908 1.910926837182312e-07
108 54 0 5.955571 1.581169122578794e-05
109 -55 0 18.461739 3.0792285943249864e-07
110 55 0 6.177814 7.6829059331696327e-06
111 -56 0 18.694887 5.7069015034964043e-07
112 56 0 6.400150 2.9503974369418081e-06
113 -57 0 18.928356 9.3252876079094116e-07
114 57 0 6.622583 4.6742799792242365e-06
115 -58 0 19.162152 1.4302718977256867e-06
116 58 0 6.845116 1.0971934543012909e-05
117 -59 0 19.396280 1.7067186634147079e-06
118 59 0 7.067754 1.6682202131470558e-05
119 -60 0 19.630745 1.3385459562661723e-06
120 60 0 7.290498 1.7376784431592962e-05
121 -61 0 19.865553 5.5401823132816732e-07
122 61 0 7.513353 1.2652571581099768e-05
123 -62 0 20.100709 8.7825853472218874e-08
124 62 0 7.736323 6.2982987318791144e-06
125 -63 0 20.336219 2.6868209402666266e-07
126 63 0 7.959410 3.3275228780167345e-06
127 -64 0 20.572088 6.7861682668105017e-07
128 64 0 8.182619 6.1807578980383864e-06
129 -65 0 20.808323 8.0148893724020665e-07
130 65 0 8.405954 1.2932349288683932e-05
131 -66 0 21.044928 6.3629882216429773e-07
132 66 0 8.629416 1.8768008324741979e-05
