0 0 0 6.000000 0.4819771696148909
1 -1 0 5.777829 0.01040350561551317
2 1 0 6.222261 0.010417025788994333
3 -2 0 5.555746 0.0084334506840985993
4 2 0 6.444616 0.0084515009460001331
5 -3 0 5.333746 0.0058197190470021037
6 3 0 6.667069 0.0058310615373941017
7 -4 0 5.111827 0.0032701828687949131
8 4 0 6.889623 0.0032695364918452039
9 -5 0 4.889984 0.001347212957942914
10 5 0 7.112281 0.0013385568668973008
11 -6 0 4.668215 0.00029175172561624198
12 6 0 7.335047 0.00028432245581297498
13 -7 0 4.446516 2.879225713077727e-06
14 7 0 7.557925 3.2750530021454222e-06
15 -8 0 4.224883 0.00015963339180675708
16 8 0 7.780918 0.0001664622327964112
17 -9 0 4.003314 0.0004074799935706558
18 9 0 8.004030 0.00041281197765769418
19 -10 0 3.781805 0.00051353736383821195
20 10 0 8.227264 0.00050983100010059724
21 -11 0 3.560353 0.00042621541990219111
22 11 0 8.450623 0.00041291142021988419
23 -12 0 3.338953 0.00023345319440329145
24 12 0 8.674112 0.00021770894195786874
25 -13 0 3.117604 6.5019396972004837e-05
26 13 0 8.897734 5.5881604454254772e-05
27 -14 0 2.896301 2.7585647981082565e-06
28 14 0 9.121493 3.5287590630727549e-06
29 -15 0 2.675041 4.4057242542665268e-05
30 15 0 9.345393 4.9219089559583637e-05
31 -16 0 2.453822 0.00012476437803591434
32 16 0 9.569436 0.00012421471682484231
33 -17 0 2.232639 0.00017343418097544576
34 17 0 9.793627 0.00016076222359482132
35 -18 0 2.011489 0.00015731880011477854
36 18 0 10.017970 0.00013539173032776596
37 -19 0 1.790369 9.4151326859351827e-05
38 19 0 10.242468 7.3237091271190628e-05
39 -20 0 1.569276 2.980023998129082e-05
40 20 0 10.467125 1.9443256002269124e-05
41 -21 0 1.348206 2.6917548752858487e-06
42 21 0 10.691945 3.7719973358863448e-06
43 -22 0 1.127156 2.0007300589602014e-05
44 22 0 10.916931 2.3545456910950639e-05
45 -23 0 0.906123 5.8590945428403784e-05
46 23 0 11.142088 5.2607503830702419e-05
47 -24 0 0.685104 8.5515346536982944e-05
48 24 0 11.367420 6.4699352499736254e-05
49 -25 0 0.464095 8.1560886913879997e-05
50 25 0 11.592929 5.1961787072744686e-05
51 -26 0 0.243092 5.1782586041982303e-05
52 26 0 11.818621 2.6451820190544501e-05
53 -27 0 0.022094 1.8277843940650885e-05
54 27 0 12.044500 6.9926655704594987e-06
55 -28 0 0.198905 2.6743224607837483e-06
56 28 0 12.270568 3.8496306016319381e-06
57 -29 0 0.419906 1.1505758144707533e-05
58 29 0 12.496830 1.2985525736546957e-05
59 -30 0 0.640914 3.383752170802118e-05
60 30 0 12.723291 2.2316917105260303e-05
61 -31 0 0.861931 5.1049878377157853e-05
62 31 0 12.949954 2.2817725574220083e-05
63 -32 0 1.082961 5.0565607435024461e-05
64 32 0 13.176824 1.4845754138124809e-05
65 -33 0 1.304007 3.3719031100533241e-05
66 33 0 13.403904 5.5831045408055028e-06
67 -34 0 1.525073 1.3140963241512426e-05
68 34 0 13.631198 1.4622671420154304e-06
69 -35 0 1.746161 2.6965652265566569e-06
70 35 0 13.858712 3.0006076071710887e-06
71 -36 0 1.967275 7.725546793502918e-06
72 36 0 14.086448 6.0532427860748107e-06
73 -37 0 2.188419 2.2255117473979003e-05
74 37 0 14.314412 6.8709824117765672e-06
75 -38 0 2.409595 3.4352212117755346e-05
76 38 0 14.542608 5.1557511531328935e-06
77 -39 0 2.630807 3.5063125449818678e-05
78 39 0 14.771039 2.6988833846741463e-06
79 -40 0 2.852058 2.4378719794585158e-05
80 40 0 14.999711 8.0687200443086389e-07
81 -41 0 3.073352 1.0369454330243052e-05
82 41 0 15.228628 1.6792650687067815e-08
83 -42 0 3.294692 2.7437237037951151e-06
84 42 0 15.457794 8.3371585504907283e-07
85 -43 0 3.516081 5.848828613757107e-06
86 43 0 15.687214 3.0346635896026443e-06
87 -44 0 3.737523 1.6071851371359285e-05
88 44 0 15.916892 4.9475943990620761e-06
89 -45 0 3.959020 2.5084624180517242e-05
90 45 0 16.146833 4.8189099815032098e-06
91 -46 0 4.180577 2.6150934989133831e-05
92 46 0 16.377041 2.7599661898516356e-06
93 -47 0 4.402196 1.878611409602671e-05
94 47 0 16.607522 6.2667431157262101e-07
95 -48 0 4.623882 8.5984360149347179e-06
96 48 0 16.838279 2.8409715712633041e-08
97 -49 0 4.845637 2.7998248613782325e-06
98 49 0 17.069319 8.8548210336167567e-07
99 -50 0 5.067465 4.9124748284241557e-06
100 50 0 17.300644 1.9365915691650385e-06
101 -51 0 5.289368 1.251271179071912e-05
102 51 0 17.532261 2.2217478983310685e-06
103 -52 0 5.511352 1.9410810153844996e-05
104 52 0 17.764174 1.7781893567177015e-06
105 -53 0 5.733418 2.0390971633833456e-05
106 53 0 17.996388 1.1213152900398251e-06
107 -54 0 5.955571 1.4921787680772139e-05
108 54 0 18.228908 5.6191434555654884e-07
109 -55 0 6.177814 7.2225862868217047e-06
110 55 0 18.461739 2.2118770223752801e-07
111 -56 0 6.400150 2.8697187334610819e-06
112 56 0 18.694887 3.2292542755290047e-07
113 -57 0 6.622583 4.6248781901207609e-06
114 57 0 18.928356 9.8819423679301318e-07
115 -58 0 6.845116 1.0577412879763233e-05
116 58 0 19.162152 1.7999608355845371e-06
117 -59 0 7.067754 1.5832210928869538e-05
118 59 0 19.396280 2.0223698877867213e-06
119 -60 0 7.290498 1.6315270766179611e-05
120 60 0 19.630745 1.4063261634879491e-06
121 -61 0 7.513353 1.1787158419378292e-05
122 61 0 19.865553 5.0843895330737812e-07
123 -62 0 7.736323 5.8739485781677265e-06
124 62 0 20.100709 6.4304651110322518e-08
125 -63 0 7.959410 3.2174420536176868e-06
126 63 0 20.336219 2.4450302507733486e-07
127 -64 0 8.182619 5.9635507052858213e-06
128 64 0 20.572088 6.6828722934799233e-07
129 -65 0 8.405954 1.2206826403900515e-05
130 65 0 20.808323 9.5438782446904154e-07
131 -66 0 8.629416 1.7470246775809569e-05
132 66 0 21.044928 1.0143304211337235e-06
