0 0 0 6.000000 0.48200269099480469
1 -1 0 5.782867 0.010398872446419375
2 1 0 6.217574 0.010412100560462677
3 -2 0 5.566214 0.0084310154492766871
4 2 0 6.435558 0.0084486703527742978
5 -3 0 5.350084 0.005819604914500575
6 3 0 6.653924 0.0058306835938210797
7 -4 0 5.134530 0.0032715264154976583
8 4 0 6.872647 0.0032708572274500278
9 -5 0 4.919613 0.0013487673460430055
10 5 0 7.091708 0.001340248356534151
11 -6 0 4.705408 0.00029260550599402205
12 6 0 7.311090 0.0002852897882007418
13 -7 0 4.492001 2.8579617707849116e-06
14 7 0 7.530776 3.221471926904325e-06
15 -8 0 4.279499 0.00015919653521351065
16 8 0 7.750755 0.00016588768145920179
17 -9 0 4.068030 0.00040726090869684309
18 9 0 7.971014 0.00041251030684404349
19 -10 0 3.857749 0.00051387517795332374
20 10 0 8.191545 0.00051027438180182856
21 -11 0 3.648849 0.00042697864702295036
22 11 0 8.412339 0.00041395009145774839
23 -12 0 3.441567 0.0002342183609149599
24 12 0 8.633389 0.00021875783768982544
25 -13 0 3.236201 6.5422693920465222e-05
26 13 0 8.854689 5.640813647550465e-05
27 -14 0 3.033126 2.7496260725059459e-06
28 14 0 9.076234 3.4562211978042588e-06
29 -15 0 2.832822 4.3891606144333691e-05
30 15 0 9.298019 4.8952068649147674e-05
31 -16 0 2.635906 0.00012477663678393233
32 16 0 9.520043 0.00012429381991824889
33 -17 0 2.443185 0.00017378307059205003
34 17 0 9.742301 0.00016143356794745098
35 -18 0 2.255723 0.00015789125133538169
36 18 0 9.964792 0.00013642637419763846
37 -19 0 2.074931 9.467602375582989e-05
38 19 0 10.187513 7.4129165780366737e-05
39 -20 0 1.902699 3.0064461447685776e-05
40 20 0 10.410464 1.9818707420503482e-05
41 -21 0 1.741559 2.6923160974978655e-06
42 21 0 10.633645 3.6819106138422562e-06
43 -22 0 1.594864 1.9932278932079404e-05
44 22 0 10.857054 2.341652593434118e-05
45 -23 0 1.466944 5.8662663961503028e-05
46 23 0 11.080691 5.2895609794885987e-05
47 -24 0 1.363086 8.5823220641802255e-05
48 24 0 11.304557 6.5525066622054628e-05
49 -25 0 1.289114 8.200763447060682e-05
50 25 0 11.528653 5.3017569674176068e-05
51 -26 0 1.250337 5.2172658262372624e-05
52 26 0 11.752980 2.7252710669154163e-05
53 -27 0 1.250033 1.8470130791229983e-05
54 27 0 11.977538 7.2677519674660249e-06
55 -28 0 1.288230 2.681237063470607e-06
56 28 0 12.202329 3.7581590651833986e-06
57 -29 0 1.361692 1.1470763672263881e-05
58 29 0 12.427354 1.298150104893914e-05
59 -30 0 1.465130 3.3918379763109627e-05
60 30 0 12.652616 2.2771567155570588e-05
61 -31 0 1.592719 5.1301626788504158e-05
62 31 0 12.878116 2.3712255489860824e-05
63 -32 0 1.739158 5.090915298881071e-05
64 32 0 13.103857 1.5796095409231055e-05
65 -33 0 1.900102 3.4010830759824087e-05
66 33 0 13.329840 6.1800691368004057e-06
67 -34 0 2.072182 1.3283723274036164e-05
68 34 0 13.556069 1.6247635421797442e-06
69 -35 0 2.252857 2.7061439419389528e-06
70 35 0 13.782545 3.0048949862979752e-06
71 -36 0 2.440228 7.7090027609967537e-06
72 36 0 14.009272 6.1995862817959675e-06
73 -37 0 2.632876 2.2324136379272433e-05
74 37 0 14.236252 7.1484443466930489e-06
75 -38 0 2.829733 3.4541330978980951e-05
76 38 0 14.463489 5.3154349263482235e-06
77 -39 0 3.029990 3.5312150204277066e-05
78 39 0 14.690985 2.6408199615568374e-06
79 -40 0 3.233026 2.4585947329639046e-05
80 40 0 14.918743 7.0804472697618554e-07
81 -41 0 3.438359 1.0469690983056125e-05
82 41 0 15.146768 1.9426781182993807e-08
83 -42 0 3.645614 2.7514931115521489e-06
84 42 0 15.375061 8.5270805583995821e-07
85 -43 0 3.854491 5.8388703518129804e-06
86 43 0 15.603628 2.979593852836478e-06
87 -44 0 4.064751 1.6118064115000083e-05
88 44 0 15.832471 4.9030908432919304e-06
89 -45 0 4.276204 2.5206851336022311e-05
90 45 0 16.061594 4.8926701477861999e-06
91 -46 0 4.488690 2.6307593115960362e-05
92 46 0 16.291001 2.9057031831196415e-06
93 -47 0 4.702084 1.8912363770702486e-05
94 47 0 16.520696 7.1460888873795401e-07
95 -48 0 4.916278 8.6559874387846398e-06
96 48 0 16.750683 2.0510202831871793e-08
97 -49 0 5.131184 2.8002273029758633e-06
98 49 0 16.980965 8.645805338809031e-07
99 -50 0 5.346728 4.9005942489445667e-06
100 50 0 17.211548 1.9766148513200561e-06
101 -51 0 5.562850 1.2528688589992569e-05
102 51 0 17.442434 2.2881991234804441e-06
103 -52 0 5.779496 1.9462196241529653e-05
104 52 0 17.673629 1.7847150148042346e-06
105 -53 0 5.996621 2.0454057114606831e-05
106 53 0 17.905137 1.0542214326124616e-06
107 -54 0 6.214189 1.4965697292364577e-05
108 54 0 18.136961 4.9774896474557118e-07
109 -55 0 6.432167 7.2332599955848531e-06
110 55 0 18.369108 2.1645319319034728e-07
111 -56 0 6.650526 2.8552080178629766e-06
112 56 0 18.601581 3.4059246211325846e-07
113 -57 0 6.869244 4.6019981716022586e-06
114 57 0 18.834385 9.6834876282051485e-07
115 -58 0 7.088301 1.0555243850338628e-05
116 58 0 19.067524 1.7579066479462614e-06
117 -59 0 7.307677 1.580756737233542e-05
118 59 0 19.301005 2.019735477364799e-06
119 -60 0 7.527359 1.6281462345837605e-05
120 60 0 19.534830 1.4508606148052202e-06
121 -61 0 7.747333 1.1744208417327668e-05
122 61 0 19.769007 5.4555367601620639e-07
123 -62 0 7.967588 5.8282357880602801e-06
124 62 0 20.003538 6.3065902055407051e-08
125 -63 0 8.188115 3.1709684917875526e-06
126 63 0 20.238431 2.3543462012821515e-07
127 -64 0 8.408905 5.9052368726017396e-06
128 64 0 20.473689 6.8232798574743415e-07
129 -65 0 8.629950 1.2117842375794247e-05
130 65 0 20.709319 9.6798968492492307e-07
131 -66 0 8.851247 1.7341788966664328e-05
132 66 0 20.945326 9.8572927974777186e-07
